0 0.03984375 0.19296875 0.01875 0.06328125
0 0.06640625 0.175390625 0.0171875 0.0625
0 0.0609375 0.0921875 0.0171875 0.05234375
0 0.042578125 0.033984375 0.01796875 0.05390625
0 0.1515625 0.05390625 0.0171875 0.05390625
0 0.208984375 0.14296875 0.01796875 0.05703125
0 0.253125 0.10625 0.01875 0.06328125
0 0.075 0.244140625 0.015625 0.05625
0 0.123046875 0.251171875 0.01796875 0.06171875
0 0.098828125 0.377734375 0.01875 0.071875
0 0.396875 0.18046875 0.01640625 0.05546875
0 0.391796875 0.064453125 0.015625 0.0390625
