0 0.060546875 0.240625 0.0140625 0.059375
0 0.084765625 0.221875 0.0125 0.059375
0 0.073828125 0.143359375 0.0125 0.04921875
0 0.05234375 0.0890625 0.0140625 0.05078125
0 0.158203125 0.100390625 0.0125 0.05078125
0 0.218359375 0.181640625 0.0140625 0.053125
0 0.258203125 0.14375 0.0140625 0.059375
0 0.097265625 0.287109375 0.0109375 0.053125
0 0.14375 0.290625 0.0140625 0.0578125
0 0.129296875 0.412890625 0.0140625 0.06796875
0 0.401171875 0.2046875 0.0125 0.05234375
0 0.38828125 0.09453125 0.0125 0.0359375
