0 0.010546875 0.78359375 0.0203125 0.0734375
0 0.0015625 0.129296875 0.003125 0.05
0 0.03046875 0.25625 0.01328125 0.046875
0 0.1296875 0.255859375 0.0125 0.05390625
0 0.151953125 0.238671875 0.0109375 0.05390625
0 0.141796875 0.166796875 0.01171875 0.0453125
0 0.122265625 0.117578125 0.0125 0.04609375
0 0.21875 0.128125 0.01171875 0.04609375
0 0.27421875 0.2015625 0.0125 0.0484375
0 0.310546875 0.167578125 0.0125 0.05390625
0 0.16328125 0.29765625 0.01015625 0.0484375
0 0.205859375 0.301171875 0.0125 0.053125
0 0.192578125 0.412109375 0.0125 0.06171875
0 0.44140625 0.223046875 0.0109375 0.04765625
0 0.03203125 0.029296875 0.0125 0.046875
0 0.4296875 0.12265625 0.01171875 0.0328125
