0 0.8890625 0.88515625 0.0375 0.09765625
0 0.74609375 0.9921875 0.028125 0.015625
0 0.645703125 0.983984375 0.03046875 0.03203125
0 0.64609375 0.9109375 0.03125 0.10546875
0 0.77421875 0.602734375 0.0328125 0.09453125
0 0.59375 0.7328125 0.03046875 0.08828125
0 0.3359375 0.93671875 0.0375 0.0984375
0 0.261328125 0.914453125 0.040625 0.10703125
0 0.21875 0.76015625 0.03359375 0.1015625
0 0.234765625 0.695703125 0.03203125 0.09765625
0 0.374609375 0.62578125 0.0390625 0.0953125
0 0.480859375 0.588671875 0.0296875 0.0859375
0 0.520703125 0.71640625 0.0296875 0.084375
0 0.656640625 0.499609375 0.03359375 0.07734375
2 0.550390625 0.5796875 0.01171875 0.01953125
0 0.86640625 0.95 0.0390625 0.1
0 0.248828125 0.449609375 0.03203125 0.08125
