0 0.9265625 0.91015625 0.03515625 0.1046875
0 0.66484375 0.94765625 0.028125 0.1046875
0 0.786328125 0.610546875 0.03046875 0.1015625
0 0.598046875 0.762109375 0.02890625 0.0953125
0 0.333203125 0.968359375 0.03203125 0.0484375
0 0.25078125 0.953515625 0.034375 0.06953125
0 0.19453125 0.812890625 0.03125 0.11015625
0 0.208203125 0.7421875 0.02890625 0.1046875
0 0.355078125 0.658203125 0.03671875 0.10234375
0 0.46796875 0.612109375 0.02734375 0.0921875
0 0.518359375 0.748046875 0.02734375 0.090625
0 0.653125 0.505078125 0.03203125 0.08359375
2 0.542578125 0.598046875 0.01171875 0.02109375
0 0.90703125 0.9625 0.0359375 0.075
0 0.208984375 0.47421875 0.03046875 0.08671875
