0 0.905078125 0.903125 0.0375 0.10234375
0 0.650390625 0.93515625 0.03125 0.11015625
0 0.7796875 0.608203125 0.0328125 0.09921875
0 0.5921875 0.748828125 0.03125 0.09296875
0 0.3265625 0.95234375 0.034375 0.07109375
0 0.248046875 0.934765625 0.0375 0.0921875
0 0.19921875 0.784765625 0.03359375 0.10703125
0 0.214453125 0.716015625 0.03203125 0.10234375
0 0.359765625 0.63984375 0.0390625 0.1
0 0.47109375 0.598828125 0.0296875 0.090625
0 0.515234375 0.7328125 0.0296875 0.0890625
0 0.65390625 0.501171875 0.034375 0.08125
2 0.54375 0.58828125 0.0125 0.02109375
0 0.882421875 0.959765625 0.03984375 0.08046875
0 0.224609375 0.456640625 0.0328125 0.08515625
