0 0.198046875 0.9546875 0.03125 0.05234375
0 0.109375 0.861328125 0.0390625 0.10625
0 0.071875 0.801171875 0.02734375 0.1
0 0.221484375 0.665234375 0.02734375 0.08359375
0 0.321484375 0.694921875 0.0265625 0.08984375
2 0.16796875 0.937109375 0.0140625 0.0265625
0 0.60859375 0.975390625 0.0234375 0.04921875
0 0.732421875 0.80703125 0.02890625 0.1109375
0 0.630078125 0.751171875 0.03203125 0.10703125
0 0.47578125 0.578515625 0.0390625 0.0921875
0 0.296484375 0.5140625 0.03359375 0.096875
0 0.234375 0.5421875 0.03125 0.08828125
0 0.09765625 0.544921875 0.03125 0.1
0 0.765625 0.530078125 0.02890625 0.08671875
