0 0.774609375 0.99921875 0.03828125 0.0015625
0 0.7296875 0.958203125 0.0265625 0.08359375
0 0.816015625 0.863671875 0.03046875 0.09296875
0 0.85390625 0.813671875 0.01953125 0.08828125
0 0.731640625 0.681640625 0.02109375 0.07265625
0 0.640234375 0.7 0.01953125 0.07890625
2 0.758203125 0.9265625 0.01171875 0.0234375
0 0.457421875 0.98671875 0.02421875 0.02578125
0 0.3625 0.9515625 0.01875 0.0921875
0 0.266015625 0.76796875 0.0203125 0.096875
0 0.361328125 0.726171875 0.0234375 0.09375
0 0.512109375 0.585546875 0.03125 0.08046875
0 0.676171875 0.5421875 0.025 0.08515625
0 0.7296875 0.571875 0.02421875 0.07734375
0 0.85078125 0.58515625 0.0234375 0.08828125
0 0.971484375 0.811328125 0.0265625 0.08359375
0 0.2578125 0.519921875 0.021875 0.07578125
