0 0.78125 0.94296875 0.034375 0.07109375
0 0.866796875 0.838671875 0.040625 0.10625
0 0.902734375 0.77890625 0.02890625 0.09921875
0 0.751953125 0.64609375 0.028125 0.0828125
0 0.653125 0.67734375 0.02734375 0.0890625
2 0.81015625 0.915234375 0.0140625 0.0265625
0 0.373828125 0.968359375 0.02578125 0.06328125
0 0.247265625 0.795703125 0.03046875 0.11015625
0 0.34765625 0.73828125 0.03359375 0.10625
0 0.49765625 0.564453125 0.040625 0.09140625
0 0.674609375 0.497265625 0.034375 0.096875
0 0.737109375 0.523828125 0.0328125 0.08828125
0 0.87265625 0.524609375 0.0328125 0.1
0 0.208984375 0.52109375 0.03046875 0.0859375
