0 0.73671875 0.83828125 0.02421875 0.0953125
2 0.655859375 0.900390625 0.01484375 0.02265625
0 0.561328125 0.908984375 0.034375 0.0890625
0 0.540625 0.759375 0.0453125 0.09140625
0 0.505859375 0.86796875 0.02265625 0.11796875
0 0.408203125 0.78359375 0.02890625 0.10703125
0 0.361328125 0.75 0.02578125 0.10703125
0 0.24453125 0.758203125 0.02265625 0.09609375
0 0.08203125 0.7453125 0.03828125 0.0953125
0 0.200390625 0.84453125 0.0203125 0.1015625
0 0.109375 0.818359375 0.0296875 0.1109375
0 0.19375 0.937109375 0.02578125 0.1109375
