0 0.275390625 0.853125 0.02890625 0.09609375
2 0.359375 0.91171875 0.015625 0.0234375
0 0.454296875 0.91484375 0.0390625 0.090625
0 0.46640625 0.764453125 0.04921875 0.09375
0 0.507421875 0.87109375 0.02890625 0.11875
0 0.600390625 0.781640625 0.034375 0.1078125
0 0.645703125 0.745703125 0.03125 0.1078125
0 0.7625 0.74765625 0.028125 0.09765625
0 0.92421875 0.726953125 0.04296875 0.096875
0 0.8109375 0.831640625 0.025 0.10234375
0 0.90078125 0.800390625 0.03515625 0.11171875
0 0.822265625 0.923828125 0.03125 0.1109375
