0 0.78515625 0.908203125 0.0265625 0.1046875
2 0.69921875 0.9796875 0.01640625 0.025
0 0.595703125 0.970703125 0.0375 0.05625
0 0.56796875 0.829296875 0.04921875 0.10078125
0 0.534765625 0.942578125 0.025 0.1140625
0 0.423046875 0.861328125 0.03203125 0.1171875
0 0.3703125 0.82578125 0.02890625 0.1171875
0 0.24296875 0.8390625 0.025 0.10625
0 0.0640625 0.83203125 0.04140625 0.1046875
0 0.19765625 0.9359375 0.021875 0.11171875
0 0.096484375 0.910546875 0.0328125 0.121875
0 0.19296875 0.988671875 0.0265625 0.02265625
