0 0.70078125 0.300390625 0.0375 0.1234375
0 0.619921875 0.657421875 0.0546875 0.13984375
0 0.546875 0.489453125 0.03671875 0.12421875
0 0.58671875 0.736328125 0.03984375 0.1328125
0 0.56171875 0.7234375 0.0359375 0.1328125
0 0.575 0.696484375 0.034375 0.1296875
0 0.511328125 0.63046875 0.0421875 0.13828125
0 0.481640625 0.68828125 0.05078125 0.13515625
0 0.476171875 0.85859375 0.03984375 0.1375
0 0.3390625 0.717578125 0.04453125 0.14453125
0 0.20625 0.62421875 0.04140625 0.13671875
0 0.334375 0.41171875 0.04609375 0.115625
0 0.0734375 0.8015625 0.03984375 0.12265625
0 0.1859375 0.267578125 0.034375 0.1171875
0 0.127734375 0.351953125 0.03828125 0.11484375
0 0.010546875 0.111328125 0.02109375 0.10078125
0 0.55703125 0.240234375 0.0359375 0.1203125
