0 0.6796875 0.275390625 0.034375 0.1203125
0 0.547265625 0.606640625 0.05078125 0.13515625
0 0.502734375 0.433984375 0.03359375 0.12109375
0 0.502734375 0.678125 0.03671875 0.12890625
0 0.48125 0.662109375 0.0328125 0.12890625
0 0.49765625 0.6375 0.03125 0.1265625
0 0.446484375 0.564453125 0.0390625 0.134375
0 0.408984375 0.615625 0.046875 0.13125
0 0.377734375 0.77890625 0.0359375 0.134375
0 0.2671875 0.622265625 0.040625 0.140625
0 0.153125 0.51171875 0.03828125 0.13359375
0 0.309375 0.3265625 0.04296875 0.1125
0 0.009375 0.661328125 0.01875 0.11796875
0 0.18828125 0.16484375 0.03125 0.1140625
0 0.11953125 0.237109375 0.0359375 0.11171875
0 0.04140625 0.01640625 0.0203125 0.0328125
0 0.55 0.1953125 0.0328125 0.1171875
