0 0.6796875 0.29453125 0.025 0.11171875
0 0.576953125 0.613671875 0.0390625 0.125
0 0.5234375 0.4546875 0.0234375 0.1125
0 0.53984375 0.683203125 0.0265625 0.11953125
0 0.518359375 0.66953125 0.02265625 0.1203125
0 0.532421875 0.64609375 0.021875 0.1171875
0 0.479296875 0.58046875 0.028125 0.125
0 0.447265625 0.63125 0.0359375 0.12109375
0 0.428515625 0.7859375 0.025 0.125
0 0.314453125 0.646484375 0.0296875 0.13046875
0 0.199609375 0.550390625 0.02734375 0.1234375
0 0.334375 0.3671875 0.0328125 0.103125
0 0.0640625 0.7015625 0.02734375 0.11015625
0 0.21015625 0.2234375 0.02265625 0.10546875
0 0.15 0.29609375 0.0265625 0.103125
0 0.055078125 0.066796875 0.025 0.090625
0 0.55234375 0.228515625 0.0234375 0.10859375
