0 0.085546875 0.286328125 0.03515625 0.10546875
0 0.027734375 0.091015625 0.02421875 0.090625
0 0.40625 0.095703125 0.0375 0.11015625
0 0.351171875 0.251953125 0.03828125 0.12265625
0 0.3578125 0.380859375 0.03984375 0.10703125
0 0.5859375 0.32734375 0.028125 0.12265625
0 0.775390625 0.313671875 0.0375 0.11171875
0 0.541015625 0.477734375 0.03046875 0.11875
0 0.565625 0.54609375 0.03046875 0.134375
0 0.626953125 0.58984375 0.03046875 0.12734375
0 0.6046875 0.581640625 0.0265625 0.0890625
0 0.60390625 0.657421875 0.0375 0.11875
0 0.57890625 0.62421875 0.028125 0.12734375
0 0.517578125 0.6328125 0.03359375 0.12890625
0 0.5515625 0.7203125 0.028125 0.1453125
0 0.459375 0.8296875 0.03984375 0.134375
0 0.33125 0.791015625 0.04296875 0.1046875
0 0.34921875 0.585546875 0.0390625 0.12890625
0 0.2375 0.73515625 0.02890625 0.12578125
