0 0.930078125 0.289453125 0.0359375 0.10859375
0 0.981640625 0.083984375 0.02421875 0.09453125
0 0.59375 0.1046875 0.0390625 0.1140625
0 0.655859375 0.26328125 0.0390625 0.1265625
0 0.654296875 0.396484375 0.040625 0.11015625
0 0.417578125 0.349609375 0.02890625 0.12578125
0 0.223046875 0.341796875 0.0390625 0.115625
0 0.46953125 0.50234375 0.03125 0.12265625
0 0.446484375 0.573828125 0.03125 0.13828125
0 0.38515625 0.621484375 0.03125 0.13125
0 0.4078125 0.612109375 0.02734375 0.0921875
0 0.4109375 0.690234375 0.03828125 0.12265625
0 0.436328125 0.6546875 0.02890625 0.13125
0 0.498828125 0.66171875 0.034375 0.13359375
0 0.4671875 0.752734375 0.028125 0.14921875
0 0.566015625 0.862109375 0.04140625 0.13828125
0 0.69609375 0.817578125 0.04375 0.1078125
0 0.670703125 0.606640625 0.03984375 0.13359375
0 0.790625 0.75703125 0.0296875 0.1296875
