0 0.034765625 0.14296875 0.0296875 0.11640625
0 0.3890625 0.013671875 0.040625 0.02734375
0 0.316796875 0.13125 0.04765625 0.13515625
0 0.31171875 0.27109375 0.04921875 0.1171875
0 0.56328125 0.23515625 0.0375 0.13359375
0 0.768359375 0.237890625 0.04765625 0.1234375
0 0.5 0.39296875 0.0390625 0.1296875
0 0.5203125 0.46875 0.040625 0.146875
0 0.58203125 0.52265625 0.03984375 0.1390625
0 0.558984375 0.51171875 0.03359375 0.09765625
0 0.551171875 0.59296875 0.046875 0.13046875
0 0.5265625 0.554296875 0.03828125 0.1390625
0 0.46015625 0.558203125 0.04296875 0.14140625
0 0.48828125 0.655859375 0.03828125 0.1578125
0 0.378515625 0.765234375 0.05078125 0.14765625
0 0.244140625 0.711328125 0.0515625 0.115625
0 0.2828125 0.491015625 0.04921875 0.1421875
0 0.1484375 0.6421875 0.0390625 0.1375
