0 0.064453125 0.103515625 0.028125 0.09609375
0 0.15390625 0.309375 0.03203125 0.0984375
0 0.3921875 0.369140625 0.053125 0.11171875
0 0.436328125 0.296875 0.03046875 0.11875
0 0.513671875 0.228125 0.03203125 0.1171875
0 0.568359375 0.39140625 0.028125 0.09453125
0 0.558203125 0.465625 0.025 0.0890625
0 0.57421875 0.476953125 0.02265625 0.06640625
0 0.570703125 0.5171875 0.02109375 0.07890625
0 0.560546875 0.551171875 0.0359375 0.11953125
0 0.56328125 0.601171875 0.028125 0.12109375
0 0.7671875 0.30390625 0.0265625 0.11875
0 0.536328125 0.521875 0.03046875 0.1171875
0 0.536328125 0.568359375 0.03125 0.128125
0 0.503515625 0.547265625 0.02890625 0.11171875
0 0.46640625 0.53359375 0.03125 0.11953125
0 0.50234375 0.6984375 0.0359375 0.12578125
0 0.389453125 0.72109375 0.03125 0.115625
0 0.307421875 0.68671875 0.03203125 0.13203125
0 0.39375 0.85 0.03515625 0.10625
