0 0.91015625 0.04296875 0.0359375 0.0859375
0 0.83203125 0.25625 0.03984375 0.1046875
0 0.588671875 0.336328125 0.0640625 0.11953125
0 0.5375 0.2640625 0.03984375 0.12578125
0 0.451953125 0.19765625 0.04140625 0.12421875
0 0.407421875 0.372265625 0.0359375 0.1
0 0.423046875 0.44921875 0.03203125 0.09453125
0 0.40703125 0.46171875 0.028125 0.07109375
0 0.414453125 0.50390625 0.02734375 0.08359375
0 0.42734375 0.538671875 0.04609375 0.12734375
0 0.427734375 0.59140625 0.03828125 0.12734375
0 0.19375 0.294921875 0.0359375 0.12578125
0 0.45 0.505859375 0.040625 0.12421875
0 0.453515625 0.5546875 0.0421875 0.1359375
0 0.486328125 0.53046875 0.03828125 0.11796875
0 0.523828125 0.51328125 0.040625 0.1265625
0 0.498046875 0.687890625 0.04609375 0.1328125
0 0.617578125 0.70390625 0.040625 0.121875
0 0.700390625 0.662109375 0.04296875 0.1390625
0 0.62265625 0.838671875 0.04453125 0.11328125
