0 0.4453125 0.103515625 0.04140625 0.109375
0 0.091015625 0.16484375 0.03125 0.10078125
0 0.170703125 0.317578125 0.03125 0.109375
0 0.768359375 0.316015625 0.03984375 0.11953125
0 0.656640625 0.440234375 0.03515625 0.11328125
0 0.482421875 0.367578125 0.0296875 0.1296875
0 0.457421875 0.433203125 0.03359375 0.11875
0 0.563671875 0.43125 0.02734375 0.1
0 0.5921875 0.5125 0.0328125 0.1203125
0 0.571875 0.570703125 0.02578125 0.12265625
0 0.5515625 0.525390625 0.02890625 0.11875
0 0.54453125 0.486328125 0.021875 0.07734375
0 0.52734375 0.538671875 0.02890625 0.12734375
0 0.5109375 0.576171875 0.02890625 0.12578125
0 0.4859375 0.553125 0.03359375 0.12734375
0 0.53828125 0.819921875 0.02890625 0.121875
0 0.53046875 0.762890625 0.025 0.13125
0 0.324609375 0.780078125 0.03125 0.13984375
0 0.475 0.898046875 0.0609375 0.1640625
