0 0.5359375 0.080859375 0.03828125 0.103125
0 0.8765625 0.13359375 0.028125 0.0953125
0 0.802734375 0.280078125 0.028125 0.103125
0 0.230078125 0.2890625 0.0359375 0.11328125
0 0.3390625 0.40546875 0.03125 0.1078125
0 0.5046875 0.33359375 0.0265625 0.1234375
0 0.530078125 0.395703125 0.0296875 0.1125
0 0.428125 0.395703125 0.025 0.0953125
0 0.40234375 0.4734375 0.02890625 0.1140625
0 0.42265625 0.528515625 0.02265625 0.1171875
0 0.44140625 0.48515625 0.025 0.1125
0 0.447265625 0.44765625 0.01953125 0.0734375
0 0.46484375 0.497265625 0.0265625 0.1203125
0 0.480859375 0.532421875 0.02578125 0.11953125
0 0.5046875 0.510546875 0.0296875 0.1203125
0 0.458984375 0.766015625 0.02578125 0.115625
0 0.465625 0.711328125 0.021875 0.125
0 0.662890625 0.72421875 0.02734375 0.1328125
0 0.52109375 0.839453125 0.05625 0.15625
