0 0.501953125 0.04765625 0.04296875 0.0953125
0 0.12265625 0.098046875 0.03125 0.10625
0 0.2046875 0.261328125 0.03125 0.115625
0 0.840625 0.27109375 0.040625 0.1265625
0 0.719921875 0.40078125 0.03515625 0.1203125
0 0.535546875 0.320703125 0.0296875 0.1375
0 0.507421875 0.38984375 0.0328125 0.1265625
0 0.620703125 0.38984375 0.028125 0.10625
0 0.649609375 0.476953125 0.0328125 0.12734375
0 0.626953125 0.537890625 0.025 0.13046875
0 0.60625 0.48984375 0.028125 0.125
0 0.599609375 0.448046875 0.021875 0.08203125
0 0.580078125 0.503515625 0.02890625 0.134375
0 0.5625 0.542578125 0.028125 0.1328125
0 0.5359375 0.51796875 0.0328125 0.134375
0 0.58671875 0.802734375 0.028125 0.1296875
0 0.57890625 0.741796875 0.02421875 0.1390625
0 0.36015625 0.75625 0.03046875 0.14765625
0 0.517578125 0.884765625 0.06171875 0.1734375
