0 0.461328125 0.004296875 0.02734375 0.00859375
0 0.196484375 0.101953125 0.0328125 0.09921875
0 0.211328125 0.190625 0.0328125 0.10390625
0 0.339453125 0.682421875 0.0390625 0.13671875
0 0.50703125 0.7421875 0.0390625 0.1421875
0 0.5265625 0.78125 0.04140625 0.1078125
0 0.43046875 0.84296875 0.06953125 0.1609375
0 0.569921875 0.358984375 0.0359375 0.11796875
0 0.58203125 0.4015625 0.03203125 0.1109375
0 0.59375 0.411328125 0.03359375 0.1078125
0 0.588671875 0.5078125 0.03984375 0.11875
0 0.508984375 0.3828125 0.0421875 0.11796875
0 0.516796875 0.46015625 0.03828125 0.12265625
0 0.5328125 0.501171875 0.03828125 0.1234375
0 0.553125 0.54453125 0.03984375 0.11953125
0 0.559375 0.51015625 0.04140625 0.12421875
0 0.7828125 0.423828125 0.040625 0.11640625
0 0.833203125 0.3328125 0.03828125 0.11640625
