0 0.156640625 0.084765625 0.034375 0.10234375
0 0.171484375 0.176953125 0.03359375 0.10703125
0 0.304296875 0.685546875 0.040625 0.1421875
0 0.47734375 0.74765625 0.03984375 0.146875
0 0.49765625 0.787890625 0.0421875 0.11171875
0 0.398046875 0.85234375 0.071875 0.16640625
0 0.542578125 0.350390625 0.03671875 0.121875
0 0.555078125 0.39453125 0.03359375 0.11484375
0 0.5671875 0.405078125 0.034375 0.11171875
0 0.562109375 0.505078125 0.04140625 0.12265625
0 0.479296875 0.375390625 0.04375 0.121875
0 0.487890625 0.45546875 0.0390625 0.1265625
0 0.504296875 0.498046875 0.03984375 0.128125
0 0.525 0.542578125 0.04140625 0.12421875
0 0.531640625 0.507421875 0.04296875 0.128125
0 0.7625 0.417578125 0.04140625 0.12109375
0 0.81484375 0.323828125 0.0390625 0.1203125
