0 0.842578125 0.150390625 0.03046875 0.10078125
0 0.869140625 0.23046875 0.03515625 0.08984375
0 0.8734375 0.3015625 0.03046875 0.109375
0 0.46015625 0.058203125 0.03359375 0.10859375
0 0.519921875 0.369921875 0.0390625 0.11015625
0 0.530859375 0.492578125 0.03671875 0.115625
0 0.45078125 0.393359375 0.02578125 0.1015625
0 0.466015625 0.436328125 0.0421875 0.11640625
0 0.499609375 0.528125 0.03515625 0.11796875
0 0.481640625 0.54765625 0.03984375 0.13046875
0 0.454296875 0.553515625 0.03671875 0.13125
0 0.447265625 0.509765625 0.05078125 0.1203125
0 0.45390625 0.471875 0.034375 0.0953125
0 0.429296875 0.458984375 0.0328125 0.11015625
0 0.4828125 0.76875 0.04140625 0.1421875
0 0.415625 0.81171875 0.04609375 0.12421875
0 0.686328125 0.732421875 0.0390625 0.13125
0 0.590625 0.86875 0.0390625 0.13046875
0 0.198046875 0.466015625 0.040625 0.121875
0 0.163671875 0.344140625 0.03359375 0.13046875
