0 0.091015625 0.051171875 0.03203125 0.10234375
0 0.0625 0.134765625 0.0375 0.096875
0 0.0578125 0.2109375 0.03203125 0.1171875
0 0.4359375 0.284765625 0.0421875 0.11875
0 0.424609375 0.416015625 0.0390625 0.12421875
0 0.510546875 0.309375 0.02734375 0.109375
0 0.49375 0.35546875 0.04453125 0.125
0 0.4578125 0.4546875 0.0375 0.1265625
0 0.476953125 0.475 0.04296875 0.13984375
0 0.505859375 0.48125 0.0390625 0.140625
0 0.5140625 0.434375 0.0546875 0.1296875
0 0.50703125 0.394140625 0.0375 0.10234375
0 0.5328125 0.380078125 0.03515625 0.11875
0 0.47578125 0.71328125 0.04453125 0.15234375
0 0.548046875 0.758984375 0.05 0.13359375
0 0.258203125 0.673828125 0.04140625 0.14140625
0 0.360546875 0.820703125 0.0421875 0.140625
0 0.78046875 0.387109375 0.04375 0.13125
0 0.8171875 0.25625 0.0359375 0.13984375
