0 0.12265625 0.195703125 0.02890625 0.103125
0 0.108984375 0.280078125 0.034375 0.09140625
0 0.116015625 0.35234375 0.02890625 0.1109375
0 0.49375 0.047265625 0.03125 0.09453125
0 0.48203125 0.36484375 0.03828125 0.11171875
0 0.490625 0.48984375 0.03515625 0.1171875
0 0.555078125 0.37734375 0.02421875 0.103125
0 0.546484375 0.42265625 0.040625 0.11796875
0 0.52734375 0.52109375 0.03359375 0.11953125
0 0.548828125 0.537109375 0.03828125 0.13203125
0 0.5765625 0.5390625 0.03515625 0.1328125
0 0.57734375 0.494140625 0.05 0.121875
0 0.56484375 0.456640625 0.03359375 0.096875
0 0.587109375 0.440234375 0.03203125 0.11171875
0 0.5828125 0.76015625 0.03984375 0.14453125
0 0.657421875 0.792578125 0.0453125 0.12578125
0 0.37265625 0.75546875 0.0375 0.13359375
0 0.490625 0.877734375 0.03828125 0.1328125
0 0.8203125 0.41015625 0.03984375 0.12421875
0 0.835546875 0.282421875 0.03203125 0.1328125
