0 0.083203125 0.0515625 0.03828125 0.103125
0 0.287109375 0.035546875 0.03671875 0.07109375
0 0.0921875 0.2484375 0.0375 0.13046875
0 0.32109375 0.16640625 0.0453125 0.10625
0 0.366015625 0.176171875 0.04296875 0.12890625
0 0.2140625 0.369921875 0.040625 0.1359375
0 0.26640625 0.369921875 0.04375 0.134375
0 0.31484375 0.376953125 0.03828125 0.12421875
0 0.343359375 0.407421875 0.05 0.1421875
0 0.466015625 0.41953125 0.04296875 0.11953125
0 0.49453125 0.423828125 0.03984375 0.12421875
0 0.560546875 0.382421875 0.0421875 0.1359375
0 0.619140625 0.3828125 0.05078125 0.13203125
0 0.371484375 0.713671875 0.0453125 0.1234375
0 0.708984375 0.54296875 0.04609375 0.1328125
0 0.73046875 0.257421875 0.0484375 0.1171875
0 0.7171875 0.194921875 0.040625 0.10625
0 0.5640625 0.026171875 0.03984375 0.04765625
