0 0.162890625 0.10078125 0.0328125 0.11875
0 0.010546875 0.36484375 0.02109375 0.134375
0 0.220703125 0.247265625 0.04140625 0.10703125
0 0.267578125 0.24921875 0.03671875 0.1296875
0 0.14609375 0.468359375 0.034375 0.13828125
0 0.198046875 0.46015625 0.0375 0.13515625
0 0.2484375 0.459765625 0.03203125 0.12578125
0 0.28125 0.485546875 0.04375 0.14375
0 0.40703125 0.478515625 0.0375 0.1203125
0 0.4359375 0.478515625 0.034375 0.12578125
0 0.495703125 0.42578125 0.0359375 0.13828125
0 0.5546875 0.4171875 0.0453125 0.1328125
0 0.358203125 0.7890625 0.040625 0.125
0 0.6703125 0.56328125 0.03984375 0.13359375
0 0.646484375 0.273828125 0.04296875 0.11796875
0 0.623046875 0.212890625 0.0359375 0.10703125
0 0.441796875 0.04609375 0.040625 0.0890625
