0 0.9828125 0.11796875 0.0125 0.1046875
0 0.938671875 0.07890625 0.03203125 0.11171875
0 0.730859375 0.04375 0.03046875 0.0875
0 0.915625 0.284375 0.0296875 0.13359375
0 0.6859375 0.183203125 0.03984375 0.1078125
0 0.6390625 0.189453125 0.03515625 0.13125
0 0.78125 0.399609375 0.03203125 0.1390625
0 0.728125 0.395703125 0.0359375 0.13671875
0 0.676953125 0.4 0.03046875 0.1265625
0 0.64609375 0.429296875 0.04140625 0.1453125
0 0.51875 0.4328125 0.0359375 0.12109375
0 0.4890625 0.43515625 0.0328125 0.1265625
0 0.42421875 0.3875 0.03359375 0.1390625
0 0.363671875 0.383984375 0.04375 0.134375
0 0.5953125 0.741796875 0.0390625 0.12578125
0 0.259765625 0.5421875 0.03828125 0.13515625
0 0.25859375 0.247265625 0.04140625 0.11875
0 0.2765625 0.18359375 0.034375 0.1078125
0 0.44609375 0.023046875 0.0375 0.04453125
