2 0.79140625 0.720703125 0.0171875 0.02421875
0 0.199609375 0.973046875 0.03203125 0.05390625
0 0.29140625 0.989453125 0.0234375 0.02109375
0 0.54765625 0.92890625 0.04453125 0.10703125
0 0.683984375 0.949609375 0.03046875 0.06953125
0 0.429296875 0.8734375 0.03203125 0.11015625
0 0.455859375 0.822265625 0.03125 0.10625
0 0.65625 0.843359375 0.03359375 0.09453125
0 0.658984375 0.630859375 0.04765625 0.09609375
0 0.7390625 0.633203125 0.03046875 0.10390625
0 0.805078125 0.6125 0.03515625 0.0984375
0 0.86796875 0.68046875 0.04140625 0.1109375
0 0.923046875 0.723046875 0.046875 0.11015625
0 0.979296875 0.84609375 0.040625 0.1109375
0 0.958203125 0.871484375 0.03828125 0.109375
