2 0.255078125 0.72890625 0.01640625 0.025
0 0.91953125 0.953125 0.025 0.09375
0 0.821875 0.97578125 0.0203125 0.0484375
0 0.539453125 0.92578125 0.0359375 0.1125
0 0.395703125 0.963671875 0.025 0.07265625
0 0.66015625 0.85234375 0.02265625 0.1171875
0 0.626171875 0.800390625 0.021875 0.1140625
0 0.41328125 0.845703125 0.02578125 0.1
0 0.38671875 0.616796875 0.040625 0.1
0 0.301171875 0.628515625 0.02109375 0.1109375
0 0.227734375 0.613671875 0.02734375 0.1046875
0 0.168359375 0.694140625 0.0328125 0.1171875
0 0.1140625 0.74609375 0.03828125 0.115625
0 0.009375 0.642578125 0.01875 0.096875
0 0.067578125 0.88515625 0.03203125 0.1171875
0 0.093359375 0.91015625 0.0296875 0.1171875
