2 0.779296875 0.73828125 0.01796875 0.025
0 0.162890625 0.98046875 0.03046875 0.0390625
0 0.522265625 0.945703125 0.04453125 0.10859375
0 0.663671875 0.962890625 0.028125 0.05078125
0 0.402734375 0.889453125 0.03125 0.11328125
0 0.43125 0.837109375 0.03046875 0.109375
0 0.637890625 0.8625 0.0328125 0.09765625
0 0.644140625 0.642578125 0.04765625 0.0984375
0 0.726953125 0.646875 0.0296875 0.1078125
0 0.795703125 0.6265625 0.034375 0.1015625
0 0.859375 0.698046875 0.04140625 0.1140625
0 0.91484375 0.74296875 0.04609375 0.11328125
0 0.996484375 0.6359375 0.00703125 0.09375
0 0.97109375 0.87109375 0.03984375 0.1140625
0 0.9484375 0.897265625 0.03828125 0.11328125
