0 0.0171875 0.727734375 0.034375 0.16015625
0 0.04765625 0.5984375 0.04921875 0.146875
0 0.11015625 0.61015625 0.0515625 0.1390625
0 0.184765625 0.67734375 0.0296875 0.134375
0 0.266015625 0.523828125 0.0375 0.14765625
0 0.15390625 0.78046875 0.03671875 0.13203125
0 0.159375 0.966796875 0.053125 0.02421875
0 0.212109375 0.946484375 0.03359375 0.0703125
0 0.512890625 0.581640625 0.0375 0.12421875
0 0.498046875 0.703515625 0.04609375 0.14375
0 0.633984375 0.73671875 0.05625 0.16328125
0 0.6921875 0.698828125 0.040625 0.14765625
0 0.7265625 0.678125 0.04296875 0.15234375
0 0.70546875 0.83671875 0.05078125 0.15546875
2 0.03203125 0.472265625 0.0109375 0.01953125
