0 0.024609375 0.75078125 0.03515625 0.15390625
0 0.070703125 0.75 0.0390625 0.15546875
0 0.09921875 0.61953125 0.0390625 0.14296875
0 0.162109375 0.6265625 0.04140625 0.13515625
0 0.240625 0.687890625 0.0203125 0.13203125
0 0.31015625 0.530859375 0.0265625 0.14453125
0 0.216796875 0.79140625 0.0265625 0.12890625
0 0.23515625 0.982421875 0.0515625 0.03515625
0 0.2859375 0.95859375 0.028125 0.0828125
0 0.5578125 0.570703125 0.02890625 0.12109375
0 0.5515625 0.691796875 0.0359375 0.13984375
0 0.68828125 0.715234375 0.0453125 0.15859375
0 0.74296875 0.673828125 0.03125 0.14453125
0 0.775390625 0.65078125 0.0328125 0.14921875
0 0.765625 0.80859375 0.0390625 0.15078125
2 0.07578125 0.496484375 0.009375 0.01875
