0 0.978125 0.72109375 0.04375 0.16875
0 0.943359375 0.584375 0.0515625 0.15546875
0 0.876953125 0.596484375 0.05390625 0.146875
0 0.798046875 0.66796875 0.03125 0.1421875
0 0.712109375 0.50546875 0.03984375 0.15625
0 0.830859375 0.776953125 0.03828125 0.1390625
0 0.825 0.970703125 0.05546875 0.01953125
0 0.76875 0.94921875 0.034375 0.06796875
0 0.4515625 0.566796875 0.03984375 0.13125
0 0.4671875 0.6953125 0.0484375 0.1515625
0 0.3234375 0.73046875 0.059375 0.17265625
0 0.262109375 0.690234375 0.04375 0.15625
0 0.22578125 0.668359375 0.04609375 0.16171875
0 0.248046875 0.8359375 0.053125 0.1640625
2 0.959375 0.4515625 0.01171875 0.0203125
