0 0.97578125 0.725390625 0.0484375 0.14765625
0 0.970703125 0.71171875 0.040625 0.15234375
0 0.905078125 0.672265625 0.06640625 0.15703125
0 0.7703125 0.6734375 0.0296875 0.13125
0 0.70625 0.641796875 0.0296875 0.140625
0 0.587890625 0.57109375 0.03984375 0.140625
0 0.68125 0.78984375 0.03515625 0.1421875
0 0.703515625 0.825390625 0.04296875 0.1359375
0 0.416796875 0.576953125 0.04453125 0.14296875
0 0.33203125 0.6796875 0.04375 0.14453125
0 0.269140625 0.730859375 0.04140625 0.159375
0 0.3125 0.803125 0.0484375 0.11015625
0 0.39921875 0.769921875 0.040625 0.153125
0 0.371875 0.849609375 0.0359375 0.15234375
0 0.58125 0.9484375 0.0390625 0.09765625
0 0.601171875 0.957421875 0.03046875 0.0765625
2 0.947265625 0.478125 0.01171875 0.01875
