0 0.055078125 0.8609375 0.05625 0.16640625
0 0.057421875 0.846484375 0.053125 0.16953125
0 0.121875 0.792578125 0.08125 0.17578125
0 0.268359375 0.77109375 0.03984375 0.1453125
0 0.3328125 0.725390625 0.040625 0.15546875
0 0.449609375 0.628125 0.05234375 0.15703125
0 0.385546875 0.88203125 0.046875 0.1578125
0 0.367578125 0.92421875 0.0546875 0.1515625
0 0.636328125 0.605078125 0.0578125 0.159375
0 0.74609375 0.701953125 0.05625 0.16015625
0 0.8234375 0.746875 0.0546875 0.17734375
0 0.7890625 0.8328125 0.059375 0.1234375
0 0.6890625 0.812109375 0.053125 0.1703125
0 0.732421875 0.894140625 0.04765625 0.16875
2 0.042578125 0.588671875 0.0140625 0.02109375
