0 0.945703125 0.739453125 0.053125 0.14375
0 0.937890625 0.726171875 0.0390625 0.1484375
0 0.87421875 0.688671875 0.0640625 0.15234375
0 0.74296875 0.689453125 0.02890625 0.12734375
0 0.680859375 0.65859375 0.0296875 0.13671875
0 0.565625 0.590234375 0.0390625 0.13671875
0 0.656640625 0.80234375 0.034375 0.13828125
0 0.678125 0.83671875 0.04140625 0.13203125
0 0.4 0.59609375 0.04375 0.1390625
0 0.317578125 0.6953125 0.04296875 0.140625
0 0.25625 0.7453125 0.03984375 0.15546875
0 0.2984375 0.815234375 0.046875 0.10703125
0 0.382421875 0.78359375 0.0390625 0.14921875
0 0.35625 0.8609375 0.034375 0.1484375
0 0.559375 0.95390625 0.0375 0.0890625
0 0.578125 0.9625 0.02890625 0.06953125
2 0.914453125 0.499609375 0.01171875 0.01875
