0 0.53984375 0.983984375 0.03515625 0.03203125
0 0.3640625 0.894140625 0.0421875 0.17109375
0 0.34609375 0.8453125 0.04375 0.16875
0 0.337109375 0.78125 0.046875 0.15703125
0 0.387890625 0.810546875 0.065625 0.1703125
0 0.4171875 0.694921875 0.0453125 0.1203125
0 0.51015625 0.6390625 0.04765625 0.1546875
0 0.498046875 0.56640625 0.05078125 0.14140625
0 0.6109375 0.691796875 0.0546875 0.16484375
0 0.662890625 0.83203125 0.0484375 0.15390625
0 0.669921875 0.916796875 0.05546875 0.1390625
0 0.722265625 0.7 0.0515625 0.15546875
0 0.809765625 0.677734375 0.0546875 0.165625
0 0.890625 0.736328125 0.0484375 0.171875
0 0.966015625 0.668359375 0.0453125 0.13984375
