0 0.664453125 0.967578125 0.03671875 0.0390625
0 0.5421875 0.96171875 0.0390625 0.07578125
0 0.55390625 0.95234375 0.0375 0.09140625
0 0.397265625 0.84296875 0.03671875 0.14765625
0 0.38203125 0.80078125 0.03828125 0.146875
0 0.37421875 0.74453125 0.040625 0.13671875
0 0.41796875 0.770703125 0.05703125 0.14765625
0 0.444140625 0.669921875 0.0390625 0.1046875
0 0.525 0.621484375 0.040625 0.134375
0 0.5140625 0.558984375 0.04375 0.12265625
0 0.61171875 0.6671875 0.04765625 0.14296875
0 0.657421875 0.7890625 0.0421875 0.1328125
0 0.662890625 0.870703125 0.0484375 0.1328125
0 0.708984375 0.674609375 0.04453125 0.134375
0 0.784765625 0.655078125 0.04765625 0.14375
0 0.855078125 0.705859375 0.0421875 0.14921875
0 0.9203125 0.646875 0.0390625 0.12109375
2 0.973828125 0.46171875 0.01171875 0.01875
