0 0.692578125 0.90703125 0.0265625 0.16328125
0 0.70390625 0.858203125 0.028125 0.16171875
0 0.705078125 0.7953125 0.03203125 0.15
0 0.66015625 0.830078125 0.05 0.1609375
0 0.618359375 0.72265625 0.034375 0.1140625
0 0.52265625 0.680078125 0.0328125 0.146875
0 0.526171875 0.609765625 0.0375 0.13359375
0 0.433203125 0.742578125 0.0390625 0.15625
0 0.4 0.8828125 0.03359375 0.14609375
0 0.402734375 0.949609375 0.04140625 0.10078125
0 0.327734375 0.76328125 0.03671875 0.146875
0 0.24140625 0.75234375 0.0390625 0.1578125
0 0.17109375 0.817578125 0.0328125 0.1640625
0 0.09140625 0.761328125 0.03203125 0.1328125
2 0.0078125 0.564453125 0.0109375 0.0203125
