0 0.897265625 0.806640625 0.025 0.14921875
0 0.582421875 0.8328125 0.03671875 0.15859375
0 0.58671875 0.871484375 0.0390625 0.16484375
0 0.590625 0.700390625 0.0390625 0.15
0 0.475 0.791015625 0.03359375 0.17265625
0 0.444921875 0.798046875 0.04140625 0.16484375
0 0.397265625 0.7265625 0.0390625 0.1625
0 0.353515625 0.66015625 0.03046875 0.18203125
0 0.34609375 0.748828125 0.03046875 0.16484375
0 0.412109375 0.937890625 0.04921875 0.12421875
0 0.409375 0.99609375 0.03125 0.0078125
0 0.355078125 0.98671875 0.04609375 0.0265625
0 0.305859375 0.959375 0.03203125 0.08125
0 0.26171875 0.86484375 0.03828125 0.1703125
0 0.23828125 0.882421875 0.0296875 0.171875
2 0.986328125 0.582421875 0.01171875 0.0203125
