0 0.157421875 0.83984375 0.03203125 0.146875
0 0.46640625 0.83828125 0.04375 0.15625
0 0.465234375 0.8765625 0.04609375 0.1625
0 0.446875 0.71015625 0.04609375 0.1484375
0 0.5671875 0.78828125 0.04140625 0.1703125
0 0.596875 0.79296875 0.04921875 0.1625
0 0.6375 0.71875 0.04609375 0.16015625
0 0.67421875 0.65078125 0.0390625 0.17890625
0 0.6890625 0.736328125 0.03828125 0.16171875
0 0.641015625 0.928515625 0.05546875 0.128125
0 0.6484375 0.98515625 0.03125 0.01328125
0 0.70078125 0.971484375 0.046875 0.034375
0 0.74609375 0.94140625 0.03671875 0.08671875
0 0.78125 0.8421875 0.04609375 0.16796875
0 0.805859375 0.857421875 0.0375 0.16875
2 0.051171875 0.62890625 0.0125 0.0203125
