0 0.084375 0.812890625 0.03046875 0.16484375
0 0.432421875 0.8234375 0.04375 0.17578125
0 0.430078125 0.866015625 0.04609375 0.18203125
0 0.415625 0.677734375 0.04609375 0.16640625
0 0.54765625 0.770703125 0.03984375 0.190625
0 0.58125 0.7765625 0.04921875 0.18203125
0 0.630078125 0.6953125 0.0453125 0.1796875
0 0.673828125 0.61953125 0.03671875 0.2015625
0 0.6875 0.716796875 0.0375 0.18203125
0 0.625390625 0.928125 0.05703125 0.13671875
0 0.69140625 0.979296875 0.0515625 0.03046875
0 0.74296875 0.946875 0.03671875 0.090625
0 0.78671875 0.83984375 0.0453125 0.1890625
0 0.81328125 0.8578125 0.0359375 0.18984375
