0 0.81875 0.82109375 0.03828125 0.1515625
0 0.551953125 0.653515625 0.0359375 0.15390625
0 0.518359375 0.745703125 0.04375 0.16015625
0 0.401953125 0.715625 0.03828125 0.1609375
0 0.382421875 0.70546875 0.0234375 0.15625
0 0.341015625 0.65390625 0.028125 0.17265625
0 0.34921875 0.8171875 0.034375 0.16953125
0 0.390625 0.8234375 0.0390625 0.1625
0 0.385546875 0.880078125 0.03359375 0.171875
0 0.378125 0.918359375 0.046875 0.16328125
0 0.347265625 0.949609375 0.04765625 0.10078125
0 0.282421875 0.879296875 0.04453125 0.17265625
0 0.237890625 0.904296875 0.0359375 0.16875
0 0.265625 0.94375 0.0421875 0.1125
2 0.980078125 0.576171875 0.0125 0.02265625
