0 0.762890625 0.842578125 0.04609375 0.1515625
0 0.519140625 0.644921875 0.04375 0.15390625
0 0.474609375 0.731640625 0.0515625 0.16015625
0 0.36328125 0.687890625 0.04609375 0.16171875
0 0.344921875 0.675390625 0.03203125 0.15625
0 0.31015625 0.619921875 0.0359375 0.171875
0 0.2984375 0.781640625 0.04296875 0.16953125
0 0.3390625 0.79296875 0.046875 0.1625
0 0.326953125 0.8484375 0.0421875 0.17109375
0 0.313671875 0.892578125 0.05546875 0.1765625
0 0.28046875 0.92265625 0.0546875 0.12265625
0 0.225 0.83515625 0.053125 0.1734375
0 0.178125 0.854296875 0.04453125 0.16875
0 0.19921875 0.90859375 0.04921875 0.13671875
0 0.1296875 0.960546875 0.0484375 0.021875
2 0.951953125 0.620703125 0.01328125 0.02265625
