0 0.083984375 0.810546875 0.04140625 0.13984375
0 0.72578125 0.976953125 0.0421875 0.04609375
0 0.6703125 0.912890625 0.04375 0.16484375
0 0.6890625 0.871484375 0.04296875 0.159375
0 0.655859375 0.8421875 0.04296875 0.14453125
0 0.636328125 0.8640625 0.0453125 0.15390625
0 0.61484375 0.874609375 0.05078125 0.15546875
0 0.562890625 0.853125 0.0484375 0.16875
0 0.5703125 0.840625 0.05078125 0.16328125
0 0.557421875 0.812890625 0.0453125 0.15234375
0 0.523046875 0.6828125 0.04609375 0.14609375
0 0.515625 0.677734375 0.04921875 0.1375
0 0.57265625 0.6359375 0.04296875 0.15625
0 0.32890625 0.64375 0.03515625 0.1390625
0 0.421484375 0.699609375 0.04609375 0.14765625
