0 0.907421875 0.9125 0.03671875 0.14765625
0 0.2640625 0.945703125 0.0328125 0.10859375
0 0.24765625 0.9234375 0.034375 0.153125
0 0.28515625 0.907421875 0.0359375 0.15625
0 0.305078125 0.923828125 0.03671875 0.15234375
0 0.326953125 0.929296875 0.04296875 0.14140625
0 0.384765625 0.91640625 0.03984375 0.1671875
0 0.377734375 0.91171875 0.04296875 0.1765625
0 0.39375 0.8828125 0.03828125 0.165625
0 0.440625 0.74375 0.03984375 0.15703125
0 0.448828125 0.738671875 0.04375 0.1484375
0 0.391015625 0.688671875 0.034375 0.16953125
0 0.65390625 0.71640625 0.02734375 0.1515625
0 0.549609375 0.76953125 0.0390625 0.159375
