0 0.049609375 0.92421875 0.03359375 0.1515625
0 0.727734375 0.93203125 0.0328125 0.12890625
0 0.743359375 0.907421875 0.03359375 0.1765625
0 0.703125 0.884375 0.03515625 0.1640625
0 0.683203125 0.91015625 0.03515625 0.1734375
0 0.66015625 0.9171875 0.0421875 0.1609375
0 0.598828125 0.90546875 0.0390625 0.18671875
0 0.605859375 0.894140625 0.0421875 0.18515625
0 0.587109375 0.86484375 0.0375 0.1734375
0 0.530859375 0.721484375 0.0390625 0.16484375
0 0.521484375 0.71640625 0.04296875 0.15546875
0 0.5796875 0.6609375 0.0328125 0.178125
0 0.3046875 0.704296875 0.0265625 0.15859375
0 0.4171875 0.754296875 0.03828125 0.1671875
