0 0.058203125 0.841015625 0.04453125 0.15625
0 0.090625 0.831640625 0.046875 0.14296875
0 0.61484375 0.898828125 0.05546875 0.16328125
0 0.098046875 0.6828125 0.0484375 0.13359375
0 0.173828125 0.69296875 0.0421875 0.14765625
0 0.19921875 0.688671875 0.04296875 0.13984375
0 0.2640625 0.645703125 0.0421875 0.13125
0 0.307421875 0.714453125 0.065625 0.1375
0 0.378125 0.601171875 0.04921875 0.11953125
0 0.354296875 0.742578125 0.05703125 0.13515625
0 0.359765625 0.725 0.053125 0.13671875
0 0.437109375 0.6859375 0.04375 0.1375
0 0.4578125 0.682421875 0.0484375 0.15
0 0.44375 0.76796875 0.04921875 0.13125
0 0.4890625 0.770703125 0.04140625 0.15625
