0 0.990234375 0.671484375 0.01953125 0.13828125
0 0.891015625 0.861328125 0.03515625 0.16171875
0 0.858203125 0.84921875 0.0390625 0.14765625
0 0.137109375 0.98515625 0.03515625 0.0296875
0 0.308984375 0.880859375 0.04609375 0.16796875
0 0.860546875 0.69375 0.04140625 0.1375
0 0.781640625 0.698828125 0.03359375 0.15234375
0 0.75546875 0.6921875 0.03515625 0.14453125
0 0.69140625 0.64296875 0.034375 0.1359375
0 0.64140625 0.71171875 0.05859375 0.13984375
0 0.576171875 0.58828125 0.04296875 0.12265625
0 0.590625 0.7375 0.05 0.13828125
0 0.58671875 0.71875 0.0453125 0.140625
0 0.50859375 0.672265625 0.0359375 0.14140625
0 0.487890625 0.6671875 0.03984375 0.1546875
0 0.496484375 0.75703125 0.0421875 0.13515625
0 0.448828125 0.756640625 0.0328125 0.16171875
