0 0.9953125 0.739453125 0.009375 0.14921875
0 0.90390625 0.916015625 0.03984375 0.11484375
0 0.868359375 0.915625 0.04609375 0.121875
0 0.278125 0.94921875 0.0515625 0.1015625
0 0.865625 0.768359375 0.04921875 0.14921875
0 0.78125 0.7765625 0.04140625 0.16484375
0 0.752734375 0.77109375 0.04296875 0.15625
0 0.681640625 0.719921875 0.0421875 0.146875
0 0.630859375 0.795703125 0.06875 0.15234375
0 0.555859375 0.665625 0.05078125 0.13359375
0 0.57734375 0.825390625 0.059375 0.15078125
0 0.572265625 0.805078125 0.05390625 0.15234375
0 0.48671875 0.75859375 0.04375 0.153125
0 0.4640625 0.75390625 0.0484375 0.16796875
0 0.476171875 0.85 0.05078125 0.146875
0 0.425390625 0.851171875 0.040625 0.175
