0 0.633203125 0.898828125 0.06953125 0.15390625
0 0.31328125 0.85859375 0.04609375 0.146875
0 0.701953125 0.929296875 0.03671875 0.12265625
0 0.273046875 0.97421875 0.03203125 0.0515625
0 0.66328125 0.728125 0.03515625 0.1421875
0 0.394921875 0.862890625 0.03203125 0.1421875
0 0.497265625 0.983984375 0.03671875 0.03203125
0 0.385546875 0.975390625 0.03984375 0.04921875
0 0.8015625 0.82578125 0.040625 0.14921875
0 0.396484375 0.93203125 0.04921875 0.1359375
0 0.76015625 0.915234375 0.0546875 0.14609375
0 0.801171875 0.914453125 0.03984375 0.1421875
