0 0.914453125 0.254296875 0.03359375 0.146875
0 0.4234375 0.283984375 0.0390625 0.14609375
0 0.921484375 0.443359375 0.0359375 0.14609375
0 0.346484375 0.0390625 0.0296875 0.0734375
0 0.008203125 0.043359375 0.01640625 0.07109375
0 0.948828125 0.056640625 0.03515625 0.11328125
0 0.548828125 0.04296875 0.03203125 0.0859375
0 0.475390625 0.049609375 0.03515625 0.09921875
0 0.816015625 0.514453125 0.04296875 0.15078125
0 0.970703125 0.060546875 0.03203125 0.12109375
0 0.5234375 0.627734375 0.03984375 0.17421875
