0 0.7265625 0.748828125 0.0296875 0.0921875
0 0.458203125 0.741015625 0.03359375 0.08671875
0 0.494140625 0.62421875 0.0375 0.07734375
0 0.373046875 0.86171875 0.03203125 0.09921875
0 0.770703125 0.87578125 0.03671875 0.0921875
0 0.77578125 0.801953125 0.03125 0.090625
0 0.434375 0.634765625 0.03046875 0.08671875
0 0.75703125 0.58046875 0.02890625 0.0859375
0 0.92890625 0.564453125 0.02578125 0.071875
0 0.51875 0.897265625 0.03125 0.09453125
0 0.505078125 0.954296875 0.0375 0.0859375
2 0.453125 0.629296875 0.01015625 0.0171875
