0 0.775 0.746875 0.03046875 0.096875
0 0.491796875 0.73359375 0.03359375 0.09140625
0 0.53125 0.61015625 0.0375 0.08125
0 0.39921875 0.859765625 0.0328125 0.1046875
0 0.819140625 0.8828125 0.0375 0.09765625
0 0.82578125 0.8046875 0.03203125 0.09609375
0 0.46796875 0.6203125 0.03125 0.09140625
0 0.810546875 0.569140625 0.02890625 0.090625
0 0.989453125 0.5546875 0.02109375 0.0765625
0 0.55234375 0.900390625 0.03125 0.1
0 0.536328125 0.95703125 0.03828125 0.08515625
2 0.487890625 0.61484375 0.0109375 0.01796875
