0 0.6890625 0.757421875 0.025 0.09296875
0 0.41484375 0.730078125 0.028125 0.0875
0 0.459765625 0.612890625 0.0328125 0.07734375
0 0.31875 0.84765625 0.0265625 0.10078125
0 0.725 0.89140625 0.03125 0.09375
0 0.735546875 0.816015625 0.0265625 0.0921875
0 0.398046875 0.61953125 0.02578125 0.08828125
0 0.732421875 0.587109375 0.0234375 0.08671875
0 0.909375 0.5828125 0.021875 0.07265625
0 0.465625 0.894921875 0.02578125 0.09609375
0 0.447265625 0.953125 0.0328125 0.08671875
2 0.417578125 0.61484375 0.009375 0.0171875
