0 0.346875 0.953515625 0.03046875 0.0875
0 0.04140625 0.925390625 0.02734375 0.12421875
0 0.91484375 0.9859375 0.028125 0.028125
0 0.42109375 0.88515625 0.03203125 0.12421875
0 0.5296875 0.948046875 0.025 0.10390625
0 0.70703125 0.944921875 0.0265625 0.11015625
0 0.9703125 0.876953125 0.02734375 0.10625
0 0.744921875 0.87109375 0.02890625 0.11484375
0 0.95859375 0.984765625 0.03125 0.03046875
0 0.864453125 0.948828125 0.04765625 0.10234375
0 0.83125 0.9546875 0.0296875 0.090625
2 0.871484375 0.9875 0.0109375 0.0203125
