0 0.067578125 0.74296875 0.028125 0.103125
0 0.073828125 0.5796875 0.03203125 0.103125
0 0.09296875 0.6046875 0.028125 0.0921875
0 0.026953125 0.5046875 0.021875 0.096875
0 0.21171875 0.591796875 0.02578125 0.09140625
0 0.183984375 0.443359375 0.021875 0.090625
0 0.24921875 0.35625 0.01953125 0.090625
0 0.355078125 0.464453125 0.01953125 0.09765625
0 0.310546875 0.968359375 0.03203125 0.0578125
0 0.567578125 0.86484375 0.03046875 0.1125
0 0.683203125 0.951953125 0.02578125 0.09609375
0 0.68984375 0.66875 0.0234375 0.10859375
