0 0.06796875 0.7828125 0.0296875 0.10703125
0 0.069140625 0.612890625 0.0328125 0.10703125
0 0.089453125 0.637890625 0.02890625 0.09609375
0 0.016796875 0.53671875 0.02265625 0.10078125
0 0.212109375 0.6203125 0.0265625 0.09453125
0 0.178125 0.4671875 0.02265625 0.09453125
0 0.24296875 0.373828125 0.0203125 0.09453125
0 0.35625 0.482421875 0.0203125 0.10234375
0 0.328515625 0.989453125 0.03359375 0.02109375
0 0.5921875 0.891796875 0.03203125 0.1171875
0 0.715234375 0.9625 0.02578125 0.06796875
0 0.71171875 0.683203125 0.02421875 0.11328125
