2 0.332421875 0.51015625 0.0109375 0.02109375
0 0.32578125 0.52578125 0.02890625 0.10546875
0 0.3953125 0.707421875 0.0296875 0.10703125
0 0.49375 0.849609375 0.03828125 0.11015625
0 0.577734375 0.7203125 0.03203125 0.115625
0 0.58671875 0.755078125 0.0328125 0.10546875
0 0.6875 0.4734375 0.0265625 0.10234375
0 0.748828125 0.419140625 0.0296875 0.10625
0 0.76640625 0.5640625 0.0203125 0.08984375
0 0.769140625 0.59453125 0.03515625 0.09609375
0 0.835546875 0.7234375 0.02578125 0.09375
0 0.833203125 0.793359375 0.0390625 0.109375
0 0.75234375 0.895703125 0.03125 0.1140625
0 0.73359375 0.9328125 0.03359375 0.1125
0 0.991015625 0.53359375 0.01796875 0.0859375
2 0.300390625 0.47734375 0.0125 0.01796875
