2 0.319140625 0.51953125 0.0109375 0.0203125
0 0.3125 0.53515625 0.02734375 0.10546875
0 0.379296875 0.7171875 0.028125 0.10703125
0 0.475 0.86171875 0.0359375 0.109375
0 0.561328125 0.733984375 0.0296875 0.11484375
0 0.56953125 0.76875 0.03125 0.1046875
0 0.675 0.488671875 0.025 0.10234375
0 0.737890625 0.4359375 0.028125 0.10546875
0 0.752734375 0.580859375 0.01875 0.08984375
0 0.7546875 0.611328125 0.03359375 0.09609375
0 0.81875 0.74140625 0.02421875 0.09375
0 0.815625 0.811328125 0.0375 0.10859375
0 0.732421875 0.912109375 0.02890625 0.1140625
0 0.712890625 0.94296875 0.03046875 0.10078125
0 0.984765625 0.555859375 0.0296875 0.0859375
2 0.28828125 0.4859375 0.0125 0.01796875
