0 0.540234375 0.68515625 0.046875 0.12421875
0 0.338671875 0.8296875 0.0515625 0.12578125
0 0.8359375 0.7515625 0.04375 0.11875
0 0.925390625 0.696875 0.04765625 0.11875
0 0.7375 0.9109375 0.04765625 0.13515625
0 0.377734375 0.524609375 0.03828125 0.1125
0 0.660546875 0.340234375 0.03515625 0.1109375
0 0.615234375 0.585546875 0.04375 0.11640625
0 0.5390625 0.437109375 0.03828125 0.10546875
0 0.7078125 0.87421875 0.03984375 0.13359375
0 0.31875 0.7453125 0.03984375 0.1125
0 0.348046875 0.507421875 0.03671875 0.1125
0 0.546875 0.539453125 0.04609375 0.09609375
0 0.564453125 0.51328125 0.03203125 0.08359375
0 0.960546875 0.05703125 0.0171875 0.02421875
