0 0.519921875 0.671484375 0.03515625 0.10625
0 0.70703125 0.781640625 0.03984375 0.1078125
0 0.267578125 0.751171875 0.0328125 0.10234375
0 0.185546875 0.7109375 0.0359375 0.10234375
0 0.365625 0.882421875 0.0359375 0.115625
0 0.649609375 0.519921875 0.02890625 0.09765625
0 0.3890625 0.38125 0.02578125 0.09609375
0 0.06953125 0.53046875 0.0453125 0.096875
0 0.447265625 0.590625 0.0328125 0.10078125
0 0.50234375 0.455859375 0.02890625 0.09140625
0 0.388671875 0.8484375 0.02890625 0.115625
0 0.717578125 0.70703125 0.0296875 0.096875
0 0.085546875 0.45078125 0.03046875 0.08515625
0 0.673828125 0.502734375 0.02734375 0.096875
0 0.502734375 0.545703125 0.0359375 0.08203125
0 0.99453125 0.9578125 0.0109375 0.0671875
0 0.4859375 0.52421875 0.02421875 0.071875
0 0.10625 0.158203125 0.0140625 0.0203125
