0 0.48828125 0.683203125 0.04296875 0.11875
0 0.684765625 0.819140625 0.04765625 0.12109375
0 0.205078125 0.751953125 0.03984375 0.1140625
0 0.118359375 0.701171875 0.04375 0.1140625
0 0.30234375 0.904296875 0.04296875 0.12890625
0 0.6421875 0.526171875 0.03515625 0.10859375
0 0.366796875 0.353515625 0.03203125 0.10703125
0 0.015625 0.49296875 0.03125 0.10625
0 0.414453125 0.588671875 0.03984375 0.11171875
0 0.485546875 0.44453125 0.03515625 0.1015625
0 0.330078125 0.868359375 0.0359375 0.128125
0 0.702734375 0.7375 0.03671875 0.1078125
0 0.028125 0.40625 0.03671875 0.09453125
0 0.6703125 0.508984375 0.03359375 0.1078125
0 0.479296875 0.54296875 0.04296875 0.09140625
0 0.462109375 0.51796875 0.02890625 0.08046875
0 0.0734375 0.085546875 0.015625 0.02265625
