0 0.55703125 0.295703125 0.04140625 0.1015625
0 0.728515625 0.57265625 0.03515625 0.1046875
0 0.699609375 0.6734375 0.0328125 0.1359375
0 0.985546875 0.316015625 0.028125 0.0984375
0 0.29296875 0.567578125 0.040625 0.1203125
0 0.796875 0.512109375 0.034375 0.1109375
0 0.738671875 0.058984375 0.0328125 0.09375
0 0.93671875 0.2 0.0265625 0.084375
0 0.17578125 0.022265625 0.025 0.04453125
0 0.98671875 0.5265625 0.0265625 0.1078125
0 0.269140625 0.215625 0.02421875 0.11015625
2 0.247265625 0.291796875 0.0140625 0.0234375
