0 0.510546875 0.2890625 0.0421875 0.10390625
0 0.684765625 0.57109375 0.0359375 0.10703125
0 0.65546875 0.6734375 0.03359375 0.1390625
0 0.94609375 0.3109375 0.0296875 0.0984375
0 0.241796875 0.566015625 0.040625 0.12265625
0 0.754296875 0.509375 0.0359375 0.11328125
0 0.694921875 0.048046875 0.0328125 0.0953125
0 0.896484375 0.19140625 0.028125 0.0859375
0 0.121875 0.016796875 0.02578125 0.03359375
0 0.946875 0.52734375 0.028125 0.109375
0 0.217578125 0.207421875 0.025 0.1125
2 0.1953125 0.284765625 0.01484375 0.0234375
