0 0.62421875 0.651953125 0.034375 0.1203125
0 0.780078125 0.796484375 0.04921875 0.13828125
0 0.255078125 0.740234375 0.034375 0.12109375
0 0.428515625 0.32265625 0.0296875 0.103125
0 0.726171875 0.46328125 0.03046875 0.09609375
0 0.105078125 0.27265625 0.03359375 0.10703125
0 0.740234375 0.532421875 0.0359375 0.11171875
0 0.614453125 0.8609375 0.04140625 0.13359375
0 0.178125 0.498046875 0.03203125 0.1078125
0 0.85546875 0.2484375 0.03359375 0.11171875
0 0.226953125 0.546875 0.0359375 0.125
0 0.619921875 0.7984375 0.0390625 0.11640625
2 0.196875 0.5390625 0.0109375 0.021875
2 0.034765625 0.083984375 0.01015625 0.01796875
