0 0.41640625 0.60234375 0.028125 0.11796875
0 0.03359375 0.023046875 0.028125 0.04609375
0 0.269921875 0.753125 0.04140625 0.13515625
0 0.785546875 0.670703125 0.028125 0.11875
0 0.592578125 0.26796875 0.025 0.10078125
0 0.305859375 0.421875 0.02578125 0.09375
0 0.909765625 0.2015625 0.028125 0.1046875
0 0.2953125 0.491015625 0.0296875 0.10859375
0 0.437109375 0.8078125 0.034375 0.13046875
0 0.848828125 0.428515625 0.02578125 0.10546875
0 0.1671875 0.216796875 0.02734375 0.109375
0 0.803515625 0.478515625 0.0296875 0.12265625
0 0.428515625 0.746875 0.0328125 0.1140625
2 0.8328125 0.46953125 0.01015625 0.02109375
2 0.96796875 0.014453125 0.009375 0.0125
