0 0.234765625 0.69453125 0.03125 0.1125
0 0.528125 0.787890625 0.04375 0.1203125
0 0.315625 0.74140625 0.034375 0.11484375
0 0.57578125 0.590234375 0.0359375 0.103125
0 0.52265625 0.4609375 0.02578125 0.09296875
0 0.5953125 0.73828125 0.034375 0.1109375
0 0.308203125 0.47421875 0.03046875 0.1046875
0 0.642578125 0.478125 0.03203125 0.09296875
0 0.159765625 0.55703125 0.0328125 0.11484375
0 0.76796875 0.273046875 0.03125 0.09453125
0 0.44609375 0.369921875 0.03515625 0.103125
0 0.884765625 0.03984375 0.02734375 0.0796875
2 0.595703125 0.38359375 0.01328125 0.025
