0 0.1984375 0.710546875 0.02578125 0.1109375
0 0.4859375 0.81875 0.0375 0.11875
0 0.2765625 0.7609375 0.028125 0.1140625
0 0.544140625 0.623828125 0.03046875 0.1015625
0 0.498046875 0.491796875 0.02109375 0.0921875
0 0.55625 0.773046875 0.028125 0.109375
0 0.283203125 0.49375 0.025 0.103125
0 0.616796875 0.515234375 0.02734375 0.0921875
0 0.130859375 0.56875 0.0265625 0.1140625
0 0.752734375 0.3171875 0.0265625 0.09296875
0 0.974609375 0.81953125 0.03125 0.12109375
0 0.4265625 0.396875 0.0296875 0.1015625
0 0.88203125 0.084375 0.021875 0.090625
0 0.994140625 0.616015625 0.01171875 0.11875
0 0.98671875 0.63828125 0.0265625 0.1046875
2 0.575 0.418359375 0.01171875 0.025
