0 0.1796875 0.711328125 0.03203125 0.11484375
0 0.4796875 0.806640625 0.04453125 0.1234375
0 0.2625 0.758984375 0.03515625 0.11796875
0 0.528515625 0.604296875 0.03671875 0.10546875
0 0.47421875 0.471484375 0.0265625 0.09453125
0 0.548828125 0.755859375 0.03515625 0.1140625
0 0.254296875 0.48515625 0.03125 0.10703125
0 0.596875 0.4890625 0.0328125 0.0953125
0 0.102734375 0.569921875 0.0328125 0.11796875
0 0.725 0.279296875 0.03203125 0.09609375
0 0.979296875 0.781640625 0.0390625 0.12578125
0 0.395703125 0.378515625 0.0359375 0.10546875
0 0.844921875 0.040234375 0.02734375 0.08046875
0 0.989453125 0.571484375 0.02109375 0.12265625
0 0.98203125 0.59609375 0.0359375 0.1078125
2 0.54921875 0.392578125 0.01328125 0.02578125
