0 0.87734375 0.565625 0.0328125 0.1015625
0 0.1484375 0.797265625 0.0296875 0.1203125
0 0.74453125 0.833203125 0.04140625 0.1171875
0 0.271875 0.68671875 0.0375 0.11953125
0 0.669140625 0.87890625 0.03359375 0.12578125
0 0.666796875 0.508984375 0.03125 0.096875
0 0.78359375 0.692578125 0.03203125 0.1109375
0 0.529296875 0.4265625 0.02578125 0.1140625
0 0.893359375 0.40234375 0.03359375 0.09921875
0 0.976953125 0.072265625 0.02578125 0.09609375
0 0.530859375 0.544140625 0.02734375 0.11015625
0 0.303125 0.846875 0.0328125 0.11875
2 0.871875 0.434765625 0.01171875 0.025
