0 0.811328125 0.556640625 0.03671875 0.09453125
0 0.123828125 0.69765625 0.034375 0.11171875
0 0.664453125 0.787890625 0.0453125 0.109375
0 0.247265625 0.608984375 0.04140625 0.1109375
0 0.591015625 0.821484375 0.0390625 0.11640625
0 0.624609375 0.484765625 0.034375 0.090625
0 0.713671875 0.66328125 0.03671875 0.103125
0 0.506640625 0.396484375 0.03046875 0.10546875
0 0.841015625 0.409765625 0.03671875 0.0921875
0 0.949609375 0.1171875 0.0296875 0.0890625
0 0.948046875 0.643359375 0.0359375 0.1
0 0.496875 0.503515625 0.03203125 0.1015625
0 0.26015625 0.757421875 0.0375 0.11015625
2 0.81875 0.4375 0.0125 0.0234375
