0 0.821484375 0.53203125 0.03046875 0.09296875
0 0.14765625 0.719140625 0.0265625 0.11015625
0 0.69140625 0.771484375 0.0375 0.10703125
0 0.2640625 0.623046875 0.03359375 0.10859375
0 0.62109375 0.810546875 0.03125 0.11484375
0 0.630859375 0.4734375 0.028125 0.08828125
0 0.731640625 0.64453125 0.02890625 0.10078125
0 0.507421875 0.394140625 0.0234375 0.103125
0 0.841015625 0.384375 0.03046875 0.090625
0 0.928515625 0.086328125 0.0234375 0.08671875
0 0.96328125 0.60859375 0.02890625 0.09765625
0 0.505078125 0.501171875 0.025 0.1
0 0.2875 0.76953125 0.0296875 0.10859375
2 0.820703125 0.412890625 0.0109375 0.02265625
