0 0.656640625 0.815234375 0.040625 0.10625
0 0.68671875 0.642578125 0.03515625 0.09921875
0 0.2578125 0.675390625 0.03515625 0.1
0 0.741796875 0.737890625 0.03515625 0.10546875
0 0.14140625 0.379296875 0.0296875 0.090625
0 0.994921875 0.6328125 0.01015625 0.103125
0 0.51015625 0.478125 0.0515625 0.08828125
0 0.928515625 0.70625 0.0328125 0.10078125
0 0.1796875 0.60078125 0.0359375 0.09296875
0 0.756640625 0.565625 0.034375 0.09375
0 0.48515625 0.55390625 0.0359375 0.0984375
0 0.548046875 0.43046875 0.034375 0.09609375
0 0.85703125 0.35625 0.0421875 0.08515625
0 0.8703125 0.06640625 0.02734375 0.08125
0 0.760546875 0.549609375 0.028125 0.0828125
2 0.53515625 0.518359375 0.01015625 0.01640625
2 0.117578125 0.11015625 0.0109375 0.01484375
