0 0.624609375 0.821875 0.03125 0.1078125
0 0.674609375 0.6453125 0.0265625 0.1015625
0 0.226171875 0.6328125 0.0265625 0.103125
0 0.721484375 0.750390625 0.025 0.1078125
0 0.1375 0.31171875 0.021875 0.09375
0 0.509765625 0.4546875 0.0453125 0.08828125
0 0.91875 0.73828125 0.0234375 0.103125
0 0.15390625 0.546484375 0.028125 0.09453125
0 0.755859375 0.573046875 0.02578125 0.0953125
0 0.475390625 0.530859375 0.02734375 0.1
0 0.55390625 0.409375 0.025 0.0984375
0 0.882421875 0.366015625 0.03515625 0.0859375
0 0.928125 0.065625 0.0203125 0.0828125
0 0.76171875 0.556640625 0.0203125 0.084375
2 0.53125 0.49921875 0.009375 0.015625
2 0.142578125 0.028515625 0.01015625 0.0140625
