0 0.24453125 0.749609375 0.0265625 0.1
0 0.776953125 0.82578125 0.021875 0.103125
0 0.071484375 0.661328125 0.028125 0.10390625
0 0.7609375 0.746875 0.0265625 0.09140625
0 0.045703125 0.337109375 0.025 0.08515625
0 0.885546875 0.541015625 0.0265625 0.08359375
0 0.63203125 0.518359375 0.02421875 0.08828125
0 0.846484375 0.683984375 0.03671875 0.09765625
0 0.591796875 0.537109375 0.02421875 0.09921875
0 0.97421875 0.816015625 0.02890625 0.09921875
0 0.520703125 0.42265625 0.02265625 0.09921875
0 0.923828125 0.073046875 0.01640625 0.0734375
0 0.973828125 0.7046875 0.028125 0.10234375
0 0.72890625 0.54765625 0.02578125 0.08359375
0 0.996875 0.428515625 0.00625 0.08671875
