0 0.21171875 0.74375 0.02578125 0.1046875
0 0.771484375 0.814453125 0.02109375 0.1078125
0 0.028515625 0.654296875 0.028125 0.10859375
0 0.753515625 0.73125 0.0265625 0.0953125
0 0.004296875 0.31171875 0.0078125 0.08828125
0 0.88046875 0.512890625 0.0265625 0.0875
0 0.6140625 0.49296875 0.02421875 0.09296875
0 0.8421875 0.663671875 0.0375 0.10234375
0 0.57265625 0.5140625 0.0234375 0.10390625
0 0.978515625 0.80078125 0.028125 0.10390625
0 0.495703125 0.39453125 0.021875 0.10390625
0 0.91328125 0.028125 0.01484375 0.05625
0 0.976171875 0.68359375 0.028125 0.10703125
0 0.716015625 0.52265625 0.025 0.0875
0 0.996875 0.3921875 0.00625 0.090625
