0 0.2890625 0.804296875 0.0453125 0.10390625
0 0.79140625 0.778125 0.03828125 0.11484375
0 0.44453125 0.405078125 0.0328125 0.09375
0 0.222265625 0.75 0.03125 0.103125
0 0.051171875 0.416015625 0.0265625 0.08984375
0 0.958984375 0.6578125 0.0328125 0.10625
0 0.05859375 0.794140625 0.025 0.09921875
0 0.216015625 0.525 0.03203125 0.0875
0 0.01875 0.808203125 0.01171875 0.0984375
0 0.422265625 0.5859375 0.02734375 0.10234375
0 0.39921875 0.66484375 0.03671875 0.103125
0 0.1078125 0.51953125 0.0296875 0.08671875
0 0.089453125 0.619140625 0.025 0.07890625
0 0.026953125 0.59765625 0.021875 0.08125
0 0.0515625 0.05234375 0.025 0.06015625
2 0.442578125 0.50625 0.01640625 0.02109375
