0 0.275 0.795703125 0.040625 0.1015625
0 0.778125 0.795703125 0.0328125 0.1140625
0 0.451171875 0.405078125 0.028125 0.0921875
0 0.2109375 0.737890625 0.0265625 0.1015625
0 0.0578125 0.395703125 0.021875 0.0890625
0 0.9515625 0.684375 0.028125 0.1046875
0 0.0453125 0.7734375 0.0203125 0.0984375
0 0.216796875 0.512890625 0.028125 0.0859375
0 0.00390625 0.78515625 0.0078125 0.0984375
0 0.41953125 0.584375 0.021875 0.1015625
0 0.3921875 0.662109375 0.03125 0.1015625
0 0.108984375 0.501953125 0.025 0.0859375
0 0.08515625 0.600390625 0.0203125 0.078125
0 0.02421875 0.57578125 0.01796875 0.08046875
0 0.07734375 0.030859375 0.021875 0.06171875
2 0.44375 0.505859375 0.015625 0.0203125
