0 0.26484375 0.809765625 0.0453125 0.10625
0 0.783984375 0.827734375 0.0375 0.11875
0 0.4609375 0.41171875 0.03203125 0.09609375
0 0.20078125 0.74765625 0.03046875 0.10625
0 0.055078125 0.387890625 0.0265625 0.0921875
0 0.9671875 0.719140625 0.03203125 0.109375
0 0.028515625 0.778125 0.02421875 0.1015625
0 0.21484375 0.515234375 0.03125 0.08984375
0 0.421484375 0.59609375 0.0265625 0.10546875
0 0.390625 0.67578125 0.0359375 0.10625
0 0.104296875 0.5 0.02890625 0.0890625
0 0.076171875 0.60078125 0.02421875 0.08125
0 0.0140625 0.573046875 0.021875 0.08359375
0 0.08828125 0.021484375 0.025 0.04296875
2 0.449609375 0.51640625 0.0171875 0.02109375
