0 0.4828125 0.76484375 0.03203125 0.1203125
0 0.09296875 0.296484375 0.025 0.09765625
0 0.767578125 0.545703125 0.0390625 0.09609375
0 0.976953125 0.715625 0.028125 0.12109375
0 0.560546875 0.58359375 0.03125 0.10625
0 0.69453125 0.52109375 0.0375 0.096875
0 0.328515625 0.75078125 0.034375 0.115625
0 0.5390625 0.3765625 0.02734375 0.09921875
0 0.912109375 0.912890625 0.03671875 0.11328125
0 0.96953125 0.36796875 0.0265625 0.0984375
0 0.4234375 0.537890625 0.0421875 0.09140625
0 0.859375 0.866796875 0.03203125 0.0921875
0 0.863671875 0.7640625 0.0390625 0.11484375
0 0.79609375 0.712890625 0.02890625 0.09609375
0 0.788671875 0.753515625 0.0265625 0.11015625
0 0.43984375 0.501953125 0.034375 0.0875
2 0.498828125 0.540625 0.01484375 0.015625
