0 0.490625 0.770703125 0.03125 0.11171875
0 0.094921875 0.3734375 0.025 0.090625
0 0.734765625 0.546875 0.0375 0.0890625
0 0.941015625 0.6859375 0.02734375 0.11171875
0 0.547265625 0.5984375 0.0296875 0.09765625
0 0.666015625 0.53046875 0.0359375 0.0890625
0 0.348046875 0.769921875 0.03359375 0.10703125
0 0.511328125 0.41015625 0.02734375 0.09140625
0 0.897265625 0.871875 0.0359375 0.1046875
0 0.905859375 0.367578125 0.02578125 0.090625
0 0.418359375 0.5671875 0.040625 0.084375
0 0.9 0.015234375 0.01875 0.03046875
0 0.844921875 0.83359375 0.03125 0.08515625
0 0.840625 0.7390625 0.0375 0.10546875
0 0.774609375 0.698046875 0.028125 0.08828125
0 0.77109375 0.7359375 0.0265625 0.1015625
0 0.430078125 0.5328125 0.0328125 0.08046875
2 0.487890625 0.5640625 0.0140625 0.01484375
