0 0.582421875 0.617578125 0.03984375 0.09453125
0 0.26640625 0.833984375 0.02890625 0.12421875
0 0.526171875 0.819140625 0.0328125 0.11328125
0 0.426171875 0.374609375 0.02109375 0.0984375
0 0.21328125 0.725390625 0.0265625 0.11640625
0 0.780859375 0.316796875 0.02421875 0.090625
0 0.444140625 0.56171875 0.03046875 0.1171875
0 0.309765625 0.594921875 0.025 0.1
0 0.432421875 0.6484375 0.02890625 0.10859375
0 0.008984375 0.357421875 0.01484375 0.09140625
0 0.85859375 0.709765625 0.0328125 0.1125
0 0.641015625 0.612109375 0.028125 0.10390625
0 0.73203125 0.48125 0.034375 0.0875
0 0.457421875 0.787109375 0.02890625 0.109375
0 0.815234375 0.715234375 0.028125 0.11484375
2 0.71953125 0.56640625 0.01171875 0.0234375
2 0.8640625 0.22265625 0.00859375 0.01484375
