0 0.567578125 0.598046875 0.04453125 0.09765625
0 0.23671875 0.80859375 0.034375 0.128125
0 0.503125 0.803125 0.0375 0.11640625
0 0.416796875 0.344140625 0.025 0.1015625
0 0.186328125 0.695703125 0.03125 0.11953125
0 0.781640625 0.298046875 0.028125 0.09375
0 0.428515625 0.536328125 0.03515625 0.1203125
0 0.28984375 0.565234375 0.0296875 0.103125
0 0.41328125 0.625 0.03359375 0.1125
0 0.846875 0.702734375 0.03828125 0.115625
0 0.628125 0.594921875 0.03203125 0.10703125
0 0.72578125 0.464453125 0.03828125 0.090625
0 0.433984375 0.767578125 0.03359375 0.11328125
0 0.80234375 0.70703125 0.0328125 0.11875
2 0.71015625 0.55078125 0.0125 0.025
2 0.869921875 0.204296875 0.009375 0.015625
