0 0.290625 0.517578125 0.03359375 0.08671875
0 0.1859375 0.628515625 0.03359375 0.11015625
0 0.1796875 0.7734375 0.04296875 0.10703125
0 0.47578125 0.5125 0.03125 0.0921875
0 0.70859375 0.680859375 0.03984375 0.11484375
0 0.326953125 0.4109375 0.0296875 0.10703125
0 0.76171875 0.465625 0.0296875 0.09921875
0 0.32890625 0.284765625 0.0328125 0.0921875
0 0.771484375 0.658984375 0.0328125 0.1140625
0 0.552734375 0.367578125 0.0265625 0.08515625
0 0.366796875 0.765234375 0.0390625 0.1140625
0 0.3921875 0.537890625 0.028125 0.0984375
0 0.687890625 0.19765625 0.02109375 0.0984375
0 0.343359375 0.748046875 0.02890625 0.1078125
0 0.772265625 0.125390625 0.009375 0.01328125
