0 0.31953125 0.51875 0.03359375 0.084375
0 0.2203125 0.628125 0.034375 0.10625
0 0.21640625 0.76796875 0.04375 0.10390625
0 0.498828125 0.5109375 0.03125 0.0890625
0 0.72734375 0.669140625 0.03984375 0.1109375
0 0.353515625 0.415234375 0.03046875 0.10390625
0 0.775390625 0.460546875 0.03046875 0.09609375
0 0.352734375 0.29375 0.0328125 0.08984375
0 0.7875 0.64765625 0.03359375 0.11015625
0 0.57109375 0.36953125 0.02734375 0.08203125
0 0.397265625 0.756640625 0.03984375 0.11015625
0 0.418359375 0.53671875 0.02890625 0.0953125
0 0.0140625 0.303515625 0.02734375 0.0890625
0 0.698828125 0.203515625 0.021875 0.0953125
0 0.374609375 0.740625 0.0296875 0.1046875
0 0.779296875 0.132421875 0.009375 0.01328125
