0 0.70625 0.504296875 0.03828125 0.08984375
0 0.805859375 0.623046875 0.03984375 0.1125
0 0.805078125 0.7703125 0.04921875 0.11015625
0 0.518359375 0.489453125 0.0359375 0.09453125
0 0.27265625 0.648046875 0.04609375 0.11796875
0 0.674609375 0.394140625 0.0359375 0.11015625
0 0.230078125 0.4265625 0.0359375 0.1015625
0 0.679296875 0.266015625 0.0375 0.0953125
0 0.21015625 0.62265625 0.0390625 0.1171875
0 0.44765625 0.33828125 0.03125 0.0875
0 0.615234375 0.751953125 0.04609375 0.1171875
0 0.6015625 0.519140625 0.03359375 0.10078125
0 0.31953125 0.158203125 0.0265625 0.1
0 0.640234375 0.7359375 0.034375 0.11015625
0 0.237890625 0.08046875 0.01015625 0.0140625
