0 0.919921875 0.858984375 0.03984375 0.11953125
0 0.880078125 0.598046875 0.0421875 0.0921875
0 0.751171875 0.484375 0.03671875 0.09140625
0 0.2515625 0.808984375 0.0421875 0.11953125
0 0.10234375 0.58203125 0.0328125 0.1140625
0 0.63515625 0.877734375 0.0359375 0.1109375
0 0.15625 0.746484375 0.04453125 0.134375
0 0.798828125 0.754296875 0.04296875 0.10546875
0 0.640234375 0.3921875 0.03046875 0.09453125
0 0.59375 0.731640625 0.0390625 0.1046875
0 0.569921875 0.8546875 0.034375 0.11171875
0 0.50234375 0.587109375 0.03359375 0.09609375
0 0.14921875 0.2984375 0.034375 0.09609375
0 0.6203125 0.69609375 0.034375 0.1078125
2 0.061328125 0.21171875 0.01171875 0.01640625
