0 0.940234375 0.815625 0.03046875 0.1203125
0 0.867578125 0.555859375 0.0359375 0.0921875
0 0.72265625 0.45625 0.0296875 0.09140625
0 0.257421875 0.848046875 0.0328125 0.1203125
0 0.078515625 0.636328125 0.02421875 0.11484375
0 0.654296875 0.8703125 0.0265625 0.11171875
0 0.153125 0.797265625 0.034375 0.13515625
0 0.804296875 0.72421875 0.03515625 0.10546875
0 0.59921875 0.376953125 0.02265625 0.0953125
0 0.59453125 0.726953125 0.03125 0.10546875
0 0.585546875 0.8546875 0.025 0.1125
0 0.48359375 0.59140625 0.0265625 0.096875
0 0.090625 0.3421875 0.02734375 0.096875
0 0.616796875 0.6875 0.025 0.109375
0 0.96328125 0.01484375 0.0234375 0.0296875
