0 0.97109375 0.806640625 0.02578125 0.12734375
0 0.9234375 0.52734375 0.04296875 0.0984375
0 0.780078125 0.409375 0.0359375 0.09765625
0 0.253515625 0.778515625 0.04140625 0.12890625
0 0.08359375 0.5390625 0.03203125 0.12265625
0 0.669921875 0.838671875 0.034375 0.11875
0 0.148046875 0.715234375 0.04375 0.14453125
0 0.841796875 0.6984375 0.04296875 0.1125
0 0.65703125 0.314453125 0.02890625 0.1015625
0 0.619921875 0.682421875 0.0390625 0.1125
0 0.5984375 0.816015625 0.03203125 0.11953125
0 0.515234375 0.529296875 0.0328125 0.103125
0 0.123828125 0.23125 0.03359375 0.103125
0 0.646875 0.642578125 0.0328125 0.115625
2 0.02734375 0.140234375 0.0078125 0.01640625
