0 0.831640625 0.9546875 0.03203125 0.090625
0 0.3546875 0.961328125 0.0328125 0.06875
0 0.734765625 0.953125 0.02890625 0.09375
0 0.205859375 0.9390625 0.03671875 0.10234375
0 0.697265625 0.49375 0.02421875 0.08828125
0 0.184765625 0.786328125 0.03046875 0.10078125
0 0.97421875 0.933203125 0.02578125 0.10546875
0 0.899609375 0.8828125 0.02734375 0.10390625
0 0.922265625 0.831640625 0.034375 0.1
0 0.507421875 0.951953125 0.03046875 0.09609375
0 0.022265625 0.41015625 0.0265625 0.096875
0 0.7921875 0.694921875 0.02890625 0.096875
0 0.991015625 0.18671875 0.01796875 0.08125
0 0.804296875 0.6890625 0.01953125 0.0796875
