0 0.9703125 0.953125 0.0171875 0.09375
0 0.6421875 0.64296875 0.034375 0.09609375
0 0.41171875 0.549609375 0.0265625 0.10234375
0 0.101171875 0.927734375 0.0328125 0.10546875
0 0.294140625 0.8625 0.0359375 0.10546875
0 0.476953125 0.59375 0.02734375 0.096875
0 0.790234375 0.515625 0.02578125 0.08359375
0 0.8390625 0.3984375 0.02578125 0.08203125
0 0.58515625 0.64375 0.028125 0.0984375
0 0.548046875 0.9453125 0.03515625 0.109375
2 0.78203125 0.455859375 0.0109375 0.0171875
0 0.064453125 0.575 0.025 0.08984375
