0 0.119140625 0.938671875 0.03359375 0.0859375
0 0.605859375 0.978125 0.03359375 0.04375
0 0.218359375 0.94375 0.03046875 0.0859375
0 0.75859375 0.964453125 0.0390625 0.07109375
0 0.29765625 0.484375 0.0265625 0.090625
0 0.79375 0.82890625 0.03359375 0.10390625
0 0.056640625 0.86328125 0.0296875 0.10703125
0 0.03828125 0.808984375 0.03671875 0.10234375
0 0.45078125 0.958984375 0.03203125 0.0796875
0 0.988671875 0.458984375 0.02265625 0.09921875
0 0.1828125 0.68125 0.03203125 0.1
0 0.025390625 0.14375 0.01875 0.084375
0 0.170703125 0.674609375 0.02109375 0.08203125
