0 0.004296875 0.898828125 0.00859375 0.10546875
0 0.348046875 0.618359375 0.03203125 0.09296875
0 0.58046875 0.54765625 0.02421875 0.1
0 0.85 0.94453125 0.03125 0.103125
0 0.668359375 0.862109375 0.03359375 0.10234375
0 0.512890625 0.584765625 0.025 0.09453125
0 0.21484375 0.48203125 0.02421875 0.08125
0 0.17734375 0.363671875 0.02421875 0.0796875
0 0.403515625 0.62421875 0.02578125 0.0953125
0 0.976171875 0.969921875 0.01640625 0.06015625
0 0.41328125 0.922265625 0.03203125 0.109375
2 0.22734375 0.424609375 0.01015625 0.01640625
0 0.91640625 0.601171875 0.0234375 0.0875
