0 0.563671875 0.9640625 0.03046875 0.071875
0 0.69609375 0.90703125 0.03203125 0.10234375
0 0.25859375 0.747265625 0.025 0.09375
0 0.985546875 0.641796875 0.02578125 0.0765625
0 0.9078125 0.808984375 0.0296875 0.09765625
0 0.724609375 0.50234375 0.03359375 0.08046875
0 0.3453125 0.937890625 0.02578125 0.1078125
0 0.9203125 0.74453125 0.034375 0.07734375
0 0.20625 0.3984375 0.02109375 0.06796875
0 0.780078125 0.5390625 0.0375 0.0640625
2 0.73515625 0.533203125 0.0125 0.01953125
0 0.346484375 0.858984375 0.02890625 0.08125
2 0.012890625 0.53359375 0.0125 0.01640625
2 0.17578125 0.2140625 0.0109375 0.01953125
