0 0.12890625 0.6515625 0.0296875 0.0828125
0 0.0578125 0.989453125 0.0296875 0.02109375
0 0.48515625 0.96171875 0.046875 0.0765625
0 0.313671875 0.834375 0.0359375 0.08515625
0 0.20703125 0.809375 0.028125 0.08828125
0 0.421875 0.54921875 0.028125 0.09140625
0 0.61328125 0.95625 0.02578125 0.07578125
0 0.224609375 0.662109375 0.02890625 0.0765625
0 0.707421875 0.39921875 0.02734375 0.0796875
0 0.624609375 0.66015625 0.028125 0.09375
0 0.54140625 0.849609375 0.03203125 0.0875
0 0.4953125 0.846484375 0.03515625 0.078125
0 0.467578125 0.553125 0.03515625 0.1
2 0.471875 0.893359375 0.0125 0.02109375
2 0.88359375 0.47734375 0.01328125 0.01171875
