0 0.070703125 0.63125 0.0265625 0.084375
0 0.409375 0.97109375 0.04375 0.05546875
0 0.244140625 0.8359375 0.0328125 0.08671875
0 0.13671875 0.80078125 0.025 0.08984375
0 0.381640625 0.552734375 0.02421875 0.09375
0 0.541796875 0.975 0.02265625 0.05
0 0.168359375 0.65078125 0.02578125 0.078125
0 0.68828125 0.42421875 0.02421875 0.08125
0 0.5796875 0.684765625 0.02421875 0.0953125
0 0.4765625 0.871875 0.028125 0.0890625
0 0.4296875 0.86484375 0.03203125 0.0796875
0 0.427734375 0.5609375 0.03125 0.10234375
2 0.4015625 0.9109375 0.01171875 0.02109375
2 0.8625 0.5203125 0.01328125 0.0109375
