0 0.385546875 0.962890625 0.028125 0.0703125
0 0.566015625 0.727734375 0.02734375 0.09375
0 0.911328125 0.820703125 0.02578125 0.0984375
0 0.854296875 0.98515625 0.04140625 0.0296875
0 0.44921875 0.663671875 0.02421875 0.10078125
0 0.427734375 0.5296875 0.01953125 0.10234375
0 0.0953125 0.910546875 0.03203125 0.09765625
0 0.944140625 0.991015625 0.02734375 0.01796875
0 0.997265625 0.2171875 0.00546875 0.0796875
0 0.927734375 0.4765625 0.02421875 0.0796875
2 0.066796875 0.225 0.00859375 0.015625
