0 0.1828125 0.96953125 0.0359375 0.0609375
0 0.533203125 0.794921875 0.04453125 0.1015625
0 0.675 0.276953125 0.03046875 0.0875
0 0.46015625 0.6078125 0.034375 0.09921875
0 0.684375 0.846484375 0.040625 0.11171875
0 0.453515625 0.394140625 0.03203125 0.09453125
0 0.215234375 0.577734375 0.03984375 0.0734375
0 0.376171875 0.396875 0.034375 0.09140625
0 0.325 0.799609375 0.0421875 0.1015625
0 0.266015625 0.6984375 0.03203125 0.1
0 0.118359375 0.564453125 0.02890625 0.08828125
0 0.3734375 0.769140625 0.04375 0.09296875
0 0.412890625 0.720703125 0.0375 0.0703125
0 0.1265625 0.9484375 0.0390625 0.103125
2 0.295703125 0.826953125 0.0171875 0.028125
2 0.790234375 0.2546875 0.0109375 0.01796875
