0 0.1734375 0.967578125 0.034375 0.06484375
0 0.53125 0.795703125 0.04375 0.1015625
0 0.683984375 0.274609375 0.0296875 0.0875
0 0.460546875 0.60546875 0.0328125 0.1
0 0.68359375 0.850390625 0.0390625 0.1125
0 0.4578125 0.3890625 0.03046875 0.0953125
0 0.21328125 0.570703125 0.0390625 0.07421875
0 0.3796875 0.390625 0.03359375 0.09140625
0 0.320703125 0.796875 0.040625 0.10234375
0 0.2625 0.69375 0.03046875 0.10078125
0 0.115234375 0.55546875 0.028125 0.0890625
0 0.369921875 0.766796875 0.04296875 0.09296875
0 0.4109375 0.718359375 0.03671875 0.0703125
0 0.11640625 0.945703125 0.0375 0.10859375
2 0.290625 0.823828125 0.0171875 0.028125
2 0.801171875 0.25390625 0.0109375 0.01875
