0 0.4953125 0.866796875 0.04921875 0.11171875
0 0.651171875 0.294140625 0.03359375 0.09609375
0 0.41484375 0.659765625 0.0375 0.109375
0 0.661328125 0.923046875 0.04453125 0.1234375
0 0.407421875 0.423828125 0.03515625 0.10390625
0 0.145703125 0.626171875 0.04453125 0.08125
0 0.32265625 0.4265625 0.03828125 0.10078125
0 0.266796875 0.871484375 0.046875 0.1125
0 0.201171875 0.759765625 0.034375 0.11015625
0 0.038671875 0.61171875 0.03203125 0.09765625
0 0.31953125 0.837890625 0.04765625 0.10234375
0 0.36328125 0.783984375 0.04140625 0.07734375
0 0.051171875 0.9875 0.02265625 0.025
2 0.234375 0.9015625 0.01875 0.03125
2 0.777734375 0.269921875 0.01171875 0.0203125
