0 0.069921875 0.526953125 0.03828125 0.09375
0 0.159375 0.559765625 0.02421875 0.08671875
0 0.171484375 0.620703125 0.03046875 0.1015625
0 0.129296875 0.69921875 0.03125 0.09765625
0 0.009765625 0.93515625 0.01953125 0.0640625
0 0.391796875 0.871484375 0.0375 0.115625
0 0.433984375 0.633984375 0.034375 0.10625
0 0.511328125 0.858984375 0.03984375 0.10625
0 0.312109375 0.34921875 0.025 0.078125
0 0.466015625 0.346875 0.03046875 0.08984375
0 0.760546875 0.33515625 0.01953125 0.08515625
2 0.875 0.307421875 0.0125 0.01875
