0 0.904296875 0.573828125 0.0328125 0.09453125
0 0.81015625 0.60078125 0.01875 0.0875
0 0.793359375 0.662890625 0.02421875 0.103125
0 0.83125 0.746484375 0.025 0.0984375
0 0.948828125 0.983203125 0.03828125 0.03359375
0 0.54921875 0.9046875 0.03046875 0.1171875
0 0.523046875 0.657421875 0.028125 0.1078125
0 0.426953125 0.883203125 0.0328125 0.1078125
0 0.66875 0.373828125 0.0203125 0.0796875
0 0.510546875 0.36015625 0.025 0.09140625
0 0.20859375 0.3265625 0.0140625 0.0875
2 0.09296875 0.290234375 0.0109375 0.01875
