0 0.775 0.649609375 0.028125 0.10390625
0 0.6546875 0.61171875 0.0390625 0.103125
0 0.463671875 0.529296875 0.03046875 0.10703125
0 0.473046875 0.461328125 0.0296875 0.09609375
0 0.4890625 0.948828125 0.040625 0.10234375
2 0.49921875 0.97265625 0.0125 0.02578125
0 0.350390625 0.758203125 0.02734375 0.12421875
0 0.289453125 0.76484375 0.03984375 0.1015625
0 0.1296875 0.49765625 0.0296875 0.0859375
0 0.12578125 0.48359375 0.03046875 0.08125
0 0.124609375 0.384765625 0.03203125 0.0953125
0 0.034765625 0.853125 0.0375 0.109375
