0 0.243359375 0.671484375 0.0296875 0.10234375
0 0.361328125 0.63671875 0.03984375 0.1015625
0 0.549609375 0.559375 0.03203125 0.10546875
0 0.541015625 0.49296875 0.03125 0.09375
0 0.517578125 0.959375 0.03984375 0.08125
2 0.505859375 0.988671875 0.01328125 0.02265625
0 0.655859375 0.78515625 0.02890625 0.12109375
0 0.715625 0.7921875 0.040625 0.09921875
0 0.87578125 0.533984375 0.03046875 0.08359375
0 0.880078125 0.520703125 0.03125 0.0796875
0 0.8828125 0.42421875 0.0328125 0.09375
0 0.960546875 0.88125 0.03515625 0.10703125
0 0.92109375 0.05 0.01953125 0.04453125
