2 0.09609375 0.93203125 0.0140625 0.0234375
0 0.04609375 0.693359375 0.02265625 0.0875
0 0.123046875 0.709765625 0.021875 0.08984375
0 0.196875 0.762890625 0.021875 0.096875
0 0.507421875 0.760546875 0.02578125 0.09140625
0 0.684375 0.9703125 0.028125 0.059375
0 0.7734375 0.75 0.021875 0.08984375
0 0.819921875 0.681640625 0.02734375 0.08359375
0 0.091015625 0.9359375 0.02890625 0.084375
0 0.051953125 0.918359375 0.03125 0.0890625
2 0.952734375 0.7359375 0.01171875 0.01875
2 0.80859375 0.4171875 0.01015625 0.01875
