0 0.083203125 0.290234375 0.0296875 0.1046875
0 0.268359375 0.268359375 0.0328125 0.09921875
0 0.291015625 0.275 0.03515625 0.1015625
0 0.234375 0.566796875 0.03671875 0.090625
0 0.86328125 0.223828125 0.02890625 0.09296875
0 0.797265625 0.634765625 0.0359375 0.10703125
0 0.851953125 0.66875 0.0375 0.103125
2 0.84140625 0.72734375 0.015625 0.0203125
0 0.600390625 0.998046875 0.03203125 0.00390625
0 0.569921875 0.92265625 0.0375 0.12109375
0 0.55 0.8609375 0.03515625 0.13671875
0 0.409765625 0.9421875 0.03359375 0.11328125
0 0.43046875 0.9875 0.03984375 0.0234375
2 0.9578125 0.1140625 0.009375 0.01796875
