0 0.076171875 0.298828125 0.028125 0.103125
0 0.259765625 0.2734375 0.03125 0.0984375
0 0.282421875 0.2796875 0.0328125 0.10078125
0 0.230859375 0.57109375 0.03515625 0.0890625
0 0.85 0.219140625 0.0265625 0.0921875
0 0.79140625 0.629296875 0.03359375 0.10625
0 0.846484375 0.66171875 0.0359375 0.1015625
2 0.837109375 0.7203125 0.015625 0.0203125
0 0.60234375 0.995703125 0.03125 0.0078125
0 0.5703125 0.919140625 0.03515625 0.1203125
0 0.549609375 0.8578125 0.03203125 0.13515625
0 0.412109375 0.942578125 0.03125 0.1140625
0 0.433203125 0.9875 0.0390625 0.025
2 0.9421875 0.10859375 0.009375 0.01796875
