0 0.119921875 0.8953125 0.03046875 0.0890625
0 0.207421875 0.9765625 0.02890625 0.01875
0 0.198828125 0.694140625 0.02578125 0.08125
0 0.26328125 0.71328125 0.028125 0.0828125
0 0.275 0.91015625 0.034375 0.07890625
0 0.35390625 0.716796875 0.02265625 0.0859375
0 0.523046875 0.965625 0.02734375 0.06875
0 0.658203125 0.93828125 0.0328125 0.09375
0 0.8046875 0.965625 0.028125 0.06875
0 0.86171875 0.720703125 0.03125 0.0890625
0 0.070703125 0.37421875 0.021875 0.07109375
2 0.958203125 0.685546875 0.01015625 0.0140625
