0 0.0015625 0.595703125 0.003125 0.09140625
0 0.0171875 0.59453125 0.0328125 0.090625
0 0.00625 0.74453125 0.0125 0.0875
0 0.041796875 0.805859375 0.03046875 0.09921875
0 0.06640625 0.75390625 0.03671875 0.09609375
0 0.268359375 0.630859375 0.025 0.090625
0 0.33828125 0.968359375 0.02890625 0.04453125
0 0.457421875 0.866796875 0.03046875 0.10234375
0 0.547265625 0.762890625 0.034375 0.10234375
0 0.8609375 0.907421875 0.03046875 0.1078125
0 0.978515625 0.659375 0.02890625 0.09296875
0 0.07109375 0.26953125 0.025 0.07734375
