0 0.166015625 0.775390625 0.04296875 0.12578125
0 0.669140625 0.88203125 0.0375 0.13125
0 0.477734375 0.7296875 0.0375 0.11328125
0 0.753125 0.64765625 0.028125 0.1046875
0 0.79140625 0.7515625 0.0359375 0.11875
0 0.78203125 0.4796875 0.03515625 0.096875
0 0.834765625 0.583203125 0.0359375 0.109375
0 0.89609375 0.45078125 0.0359375 0.07890625
0 0.267578125 0.625390625 0.0328125 0.11328125
0 0.268359375 0.94453125 0.04140625 0.1109375
0 0.325 0.630078125 0.0390625 0.1140625
0 0.35 0.5765625 0.03671875 0.1109375
2 0.244921875 0.90234375 0.01484375 0.028125
2 0.22890625 0.277734375 0.0109375 0.01640625
