0 0.1203125 0.7671875 0.03828125 0.12421875
0 0.61640625 0.890234375 0.0328125 0.1296875
0 0.431640625 0.732421875 0.03359375 0.11171875
0 0.708203125 0.660546875 0.02421875 0.103125
0 0.7421875 0.765234375 0.03203125 0.1171875
0 0.7421875 0.49453125 0.03125 0.0953125
0 0.790625 0.59921875 0.03203125 0.1078125
0 0.85625 0.469921875 0.0328125 0.078125
0 0.226171875 0.621484375 0.02890625 0.11171875
0 0.216015625 0.941796875 0.03671875 0.11640625
0 0.283203125 0.628125 0.03515625 0.1125
0 0.31015625 0.576171875 0.0328125 0.109375
2 0.19453125 0.895703125 0.0140625 0.02734375
2 0.2 0.275 0.01015625 0.01640625
