0 0.12890625 0.751953125 0.03203125 0.11484375
0 0.584375 0.898828125 0.0265625 0.1203125
0 0.421875 0.73984375 0.02734375 0.10390625
0 0.68515625 0.690625 0.01953125 0.09609375
0 0.71015625 0.791015625 0.02578125 0.10859375
0 0.727734375 0.53828125 0.0265625 0.08828125
0 0.76640625 0.639453125 0.0265625 0.1
0 0.836328125 0.523046875 0.02890625 0.071875
0 0.955078125 0.984375 0.02265625 0.03125
0 0.98515625 0.814453125 0.0203125 0.09765625
0 0.99140625 0.2640625 0.0171875 0.08125
0 0.237109375 0.6234375 0.0234375 0.10390625
0 0.206640625 0.92109375 0.03046875 0.10859375
0 0.290234375 0.633203125 0.02890625 0.10390625
0 0.318359375 0.586328125 0.02734375 0.1015625
2 0.18984375 0.8765625 0.0125 0.025
2 0.23515625 0.29921875 0.009375 0.01484375
