0 0.106640625 0.721875 0.03359375 0.1140625
0 0.29765625 0.581640625 0.0390625 0.09140625
0 0.3453125 0.532421875 0.03203125 0.10859375
0 0.465625 0.56796875 0.0296875 0.1140625
0 0.4328125 0.776171875 0.0484375 0.12578125
0 0.362109375 0.89375 0.04296875 0.12578125
0 0.578125 0.8796875 0.03359375 0.1140625
0 0.743359375 0.844921875 0.0390625 0.12265625
0 0.7375 0.748828125 0.03359375 0.090625
0 0.775 0.62890625 0.03671875 0.1046875
0 0.82578125 0.63203125 0.04296875 0.0953125
0 0.86796875 0.598828125 0.0421875 0.0953125
2 0.178125 0.232421875 0.009375 0.015625
