0 0.825 0.73984375 0.03203125 0.10234375
0 0.651171875 0.617578125 0.03671875 0.08203125
0 0.607421875 0.57421875 0.03125 0.09765625
0 0.5 0.608203125 0.02890625 0.1015625
0 0.5328125 0.79375 0.0453125 0.1125
0 0.598046875 0.897265625 0.040625 0.1125
0 0.40390625 0.88828125 0.03203125 0.10234375
0 0.254296875 0.859375 0.03671875 0.11015625
0 0.258203125 0.773828125 0.03125 0.08125
0 0.22265625 0.667578125 0.03515625 0.09375
0 0.176953125 0.670703125 0.040625 0.0859375
0 0.138671875 0.6421875 0.03984375 0.0859375
2 0.753125 0.303515625 0.00859375 0.0140625
