0 0.45703125 0.89140625 0.0421875 0.1125
0 0.27890625 0.811328125 0.0375 0.11796875
0 0.33046875 0.695703125 0.03046875 0.1015625
0 0.298046875 0.590234375 0.0234375 0.10859375
0 0.207421875 0.628125 0.02890625 0.10625
0 0.46484375 0.556640625 0.03828125 0.084375
0 0.8765625 0.758203125 0.03515625 0.1125
0 0.81015625 0.721875 0.03828125 0.12265625
0 0.690234375 0.7765625 0.040625 0.1046875
0 0.599609375 0.658203125 0.03984375 0.11640625
0 0.584765625 0.599609375 0.025 0.10390625
0 0.71953125 0.916015625 0.040625 0.125
2 0.83984375 0.8734375 0.01328125 0.025
2 0.80078125 0.271484375 0.01015625 0.01796875
