0 0.467578125 0.91015625 0.0421875 0.1046875
0 0.300390625 0.842578125 0.03828125 0.109375
0 0.34453125 0.734765625 0.03125 0.09375
0 0.311328125 0.638671875 0.025 0.10078125
0 0.22890625 0.67578125 0.0296875 0.0984375
0 0.4640625 0.60234375 0.03828125 0.07890625
0 0.00390625 0.348828125 0.0078125 0.08359375
0 0.85078125 0.77421875 0.0359375 0.1046875
0 0.787890625 0.74296875 0.0390625 0.1140625
0 0.67890625 0.797265625 0.040625 0.096875
0 0.59140625 0.691796875 0.040625 0.10703125
0 0.576171875 0.637890625 0.02578125 0.09609375
0 0.71015625 0.92421875 0.040625 0.115625
2 0.8203125 0.88125 0.01328125 0.0234375
2 0.76484375 0.32890625 0.009375 0.01640625
