0 0.425390625 0.92421875 0.03828125 0.11171875
0 0.25 0.8375 0.03359375 0.1171875
0 0.305078125 0.72421875 0.0265625 0.10078125
0 0.2765625 0.617578125 0.01953125 0.10859375
0 0.184765625 0.6515625 0.025 0.10625
0 0.444921875 0.589453125 0.03515625 0.08359375
0 0.84921875 0.805859375 0.03125 0.11171875
0 0.78359375 0.766796875 0.03359375 0.121875
0 0.66171875 0.817578125 0.0375 0.103125
0 0.575390625 0.69609375 0.0359375 0.11484375
0 0.562890625 0.63671875 0.02109375 0.103125
0 0.68671875 0.945703125 0.034375 0.103125
2 0.80859375 0.919140625 0.0125 0.025
2 0.790234375 0.31640625 0.009375 0.0171875
