0 0.164453125 0.9765625 0.03515625 0.046875
0 0.056640625 0.937109375 0.028125 0.115625
0 0.07890625 0.92109375 0.025 0.109375
0 0.327734375 0.68515625 0.03203125 0.09296875
0 0.40859375 0.7421875 0.0265625 0.10546875
0 0.461328125 0.766015625 0.03515625 0.1171875
0 0.383984375 0.9078125 0.03359375 0.10234375
0 0.42578125 0.8765625 0.04453125 0.08203125
0 0.479296875 0.978125 0.04140625 0.04375
0 0.566796875 0.7328125 0.03125 0.10546875
0 0.73515625 0.724609375 0.028125 0.09453125
0 0.987109375 0.3078125 0.02109375 0.08984375
0 0.994140625 0.64609375 0.01171875 0.1015625
2 0.209765625 0.351171875 0.01328125 0.01875
