0 0.2609375 0.721484375 0.0234375 0.09921875
0 0.283203125 0.539453125 0.0265625 0.0890625
0 0.368359375 0.580078125 0.02421875 0.096875
0 0.476953125 0.920703125 0.0359375 0.1109375
0 0.584765625 0.518359375 0.01953125 0.09140625
0 0.699609375 0.53203125 0.025 0.090625
0 0.86328125 0.671484375 0.025 0.090625
0 0.848828125 0.83984375 0.02890625 0.0921875
0 0.861328125 0.97265625 0.02265625 0.0546875
0 0.9203125 0.49921875 0.0203125 0.0796875
0 0.970703125 0.502734375 0.0265625 0.0890625
2 0.30625 0.116796875 0.009375 0.0171875
