0 0.9921875 0.6859375 0.0109375 0.0890625
0 0.945703125 0.43515625 0.0234375 0.084375
0 0.838671875 0.913671875 0.02734375 0.11484375
0 0.763671875 0.7484375 0.02265625 0.08828125
0 0.73125 0.626953125 0.02578125 0.1
0 0.598828125 0.4390625 0.02578125 0.0921875
0 0.5171875 0.846875 0.02421875 0.09921875
0 0.451171875 0.974609375 0.0203125 0.04921875
0 0.45390625 0.834375 0.02734375 0.09765625
0 0.364453125 0.990234375 0.02734375 0.015625
0 0.384375 0.628515625 0.02421875 0.0984375
0 0.321875 0.632421875 0.025 0.0859375
0 0.329296875 0.4453125 0.01875 0.11484375
2 0.391796875 0.109375 0.00859375 0.0140625
