0 0.962890625 0.3453125 0.028125 0.09140625
0 0.884765625 0.86328125 0.03359375 0.12265625
0 0.792578125 0.692578125 0.028125 0.09453125
0 0.749609375 0.566015625 0.03125 0.10703125
0 0.59453125 0.37578125 0.03046875 0.09921875
0 0.5375 0.815625 0.0296875 0.10703125
0 0.476953125 0.965234375 0.02421875 0.06953125
0 0.469921875 0.807421875 0.0328125 0.1046875
0 0.3859375 0.985546875 0.03125 0.02890625
0 0.38046875 0.59296875 0.0296875 0.10546875
0 0.314453125 0.601953125 0.0296875 0.09296875
0 0.308203125 0.401953125 0.02421875 0.1234375
2 0.35 0.039453125 0.01015625 0.01484375
