0 0.959765625 0.424609375 0.02578125 0.0890625
0 0.83984375 0.924609375 0.03046875 0.1203125
0 0.764453125 0.749609375 0.02578125 0.09296875
0 0.733203125 0.622265625 0.02890625 0.1046875
0 0.598046875 0.423046875 0.028125 0.096875
0 0.505078125 0.8484375 0.02734375 0.1046875
0 0.433984375 0.9765625 0.021875 0.04375
0 0.439453125 0.834375 0.03046875 0.10234375
0 0.370703125 0.6171875 0.02734375 0.103125
0 0.30546875 0.6203125 0.02734375 0.090625
0 0.31640625 0.42421875 0.02109375 0.12109375
2 0.38828125 0.073046875 0.009375 0.0140625
