0 0.8109375 0.93125 0.03359375 0.1078125
0 0.98359375 0.5640625 0.02734375 0.0953125
0 0.85546875 0.752734375 0.0265625 0.0953125
0 0.779296875 0.508203125 0.02578125 0.08828125
0 0.651171875 0.728125 0.02421875 0.08984375
0 0.6109375 0.69921875 0.02734375 0.09921875
0 0.45703125 0.501953125 0.03125 0.09375
0 0.273046875 0.49140625 0.03125 0.0796875
0 0.275390625 0.64453125 0.02734375 0.09921875
0 0.178125 0.663671875 0.03125 0.10078125
2 0.17734375 0.58203125 0.009375 0.01953125
0 0.380078125 0.888671875 0.028125 0.10234375
0 0.423828125 0.893359375 0.02734375 0.10234375
2 0.262109375 0.380078125 0.0109375 0.01796875
