0 0.890625 0.90625 0.03125 0.1046875
0 0.91875 0.728515625 0.025 0.09296875
0 0.8234375 0.497265625 0.0234375 0.0859375
0 0.7171875 0.722265625 0.02265625 0.0875
0 0.67578125 0.697265625 0.025 0.09609375
0 0.50859375 0.51875 0.02890625 0.090625
0 0.328125 0.523828125 0.02890625 0.07734375
0 0.343359375 0.67265625 0.025 0.09609375
0 0.25 0.7 0.028125 0.09765625
2 0.241796875 0.6203125 0.00859375 0.01875
0 0.46640625 0.9015625 0.02578125 0.1
0 0.509765625 0.90234375 0.025 0.1
2 0.3078125 0.41640625 0.01015625 0.0171875
