0 0.109765625 0.57578125 0.0265625 0.096875
0 0.06875 0.834765625 0.04453125 0.10859375
0 0.074609375 0.980859375 0.028125 0.0375
0 0.27265625 0.8 0.0265625 0.1
0 0.31171875 0.785546875 0.0265625 0.10859375
0 0.415234375 0.601953125 0.025 0.10625
0 0.67265625 0.5640625 0.025 0.090625
0 0.704296875 0.73828125 0.02109375 0.109375
0 0.8046875 0.77421875 0.02109375 0.0875
0 0.4921875 0.968359375 0.0296875 0.06328125
0 0.529296875 0.966796875 0.0265625 0.06640625
2 0.678125 0.43203125 0.009375 0.015625
2 0.6953125 0.335546875 0.009375 0.0140625
