0 0.09921875 0.492578125 0.03203125 0.09375
0 0.04296875 0.736328125 0.05 0.10546875
0 0.0359375 0.912890625 0.034375 0.11328125
0 0.2390625 0.716796875 0.03125 0.096875
0 0.27734375 0.705859375 0.0328125 0.1046875
0 0.3875 0.537890625 0.03046875 0.10234375
0 0.634765625 0.519140625 0.0296875 0.0875
0 0.653125 0.68671875 0.02734375 0.10546875
0 0.74609375 0.72734375 0.02578125 0.08515625
0 0.435546875 0.915625 0.0359375 0.10859375
0 0.470703125 0.91328125 0.03203125 0.103125
2 0.648828125 0.39453125 0.01015625 0.015625
2 0.671484375 0.303515625 0.009375 0.0140625
