0 0.939453125 0.41171875 0.03671875 0.11015625
0 0.90703125 0.385546875 0.03125 0.10546875
0 0.899609375 0.65390625 0.05234375 0.121875
0 0.862109375 0.88828125 0.03359375 0.1296875
0 0.698046875 0.61640625 0.0296875 0.1078125
0 0.67890625 0.599609375 0.03125 0.125
0 0.594140625 0.450390625 0.03125 0.10625
0 0.2828125 0.393359375 0.0359375 0.1078125
0 0.29609375 0.60078125 0.03359375 0.1171875
0 0.12734375 0.72890625 0.04375 0.1375
0 0.552734375 0.81953125 0.034375 0.12421875
0 0.50078125 0.81875 0.03515625 0.11875
2 0.123828125 0.669921875 0.0140625 0.02421875
2 0.247265625 0.29921875 0.01171875 0.01875
2 0.22265625 0.19296875 0.00859375 0.01484375
