0 0.951953125 0.464453125 0.028125 0.0984375
0 0.924609375 0.43828125 0.0234375 0.09375
0 0.896875 0.679296875 0.0421875 0.10859375
0 0.84453125 0.8875 0.025 0.11640625
0 0.717578125 0.6296875 0.021875 0.09609375
0 0.7015625 0.612890625 0.02265625 0.11171875
0 0.63671875 0.472265625 0.02421875 0.0953125
0 0.359765625 0.396484375 0.028125 0.096875
0 0.35546875 0.583984375 0.025 0.1046875
0 0.192578125 0.6859375 0.03359375 0.1234375
0 0.570703125 0.80078125 0.025 0.11171875
0 0.52265625 0.9828125 0.028125 0.034375
0 0.5234375 0.79609375 0.0265625 0.10625
2 0.19453125 0.632421875 0.0109375 0.02109375
2 0.334765625 0.308984375 0.009375 0.01640625
2 0.321484375 0.2109375 0.00703125 0.01328125
