0 0.94296875 0.450390625 0.03125 0.09921875
0 0.914453125 0.426171875 0.0265625 0.09453125
0 0.903515625 0.667578125 0.0453125 0.10859375
0 0.866015625 0.87734375 0.02890625 0.11640625
0 0.722265625 0.630859375 0.025 0.09609375
0 0.705078125 0.615234375 0.0265625 0.1125
0 0.63125 0.480078125 0.0265625 0.0953125
0 0.3515625 0.42421875 0.03125 0.096875
0 0.36015625 0.610546875 0.028125 0.1046875
0 0.205859375 0.723046875 0.0375 0.1234375
0 0.58828125 0.810546875 0.02890625 0.1109375
0 0.55390625 0.987890625 0.02734375 0.021875
0 0.54140625 0.809765625 0.0296875 0.10625
2 0.20390625 0.669921875 0.01171875 0.021875
2 0.32109375 0.338671875 0.01015625 0.0171875
2 0.30078125 0.24296875 0.0078125 0.0125
