0 0.96640625 0.37578125 0.03515625 0.115625
0 0.940234375 0.383984375 0.03984375 0.125
0 0.926171875 0.609375 0.0359375 0.1140625
0 0.7453125 0.420703125 0.040625 0.1171875
0 0.7484375 0.3921875 0.028125 0.11484375
0 0.4390625 0.35859375 0.040625 0.1125
2 0.421875 0.20859375 0.01328125 0.01953125
0 0.4734375 0.60625 0.059375 0.128125
0 0.528125 0.775390625 0.0375 0.1296875
0 0.757421875 0.75 0.03984375 0.13984375
0 0.733203125 0.734765625 0.0328125 0.10703125
0 0.46875 0.833203125 0.04609375 0.17578125
0 0.44765625 0.96953125 0.04375 0.0609375
0 0.290234375 0.70546875 0.034375 0.14921875
2 0.279296875 0.645703125 0.0125 0.028125
2 0.399609375 0.0953125 0.015625 0.021875
