0 0.0609375 0.346875 0.03828125 0.11796875
0 0.0875 0.35546875 0.04296875 0.128125
0 0.098046875 0.58515625 0.0390625 0.1171875
0 0.286328125 0.395703125 0.04296875 0.11953125
0 0.28359375 0.3671875 0.03046875 0.1171875
0 0.601171875 0.338671875 0.04296875 0.11484375
2 0.62109375 0.186328125 0.0140625 0.01953125
0 0.56171875 0.590625 0.0625 0.13125
0 0.502734375 0.761328125 0.040625 0.13203125
0 0.268359375 0.731640625 0.0421875 0.1421875
0 0.293359375 0.716015625 0.03515625 0.109375
0 0.5625 0.821484375 0.05078125 0.1796875
0 0.581640625 0.96484375 0.04609375 0.0703125
0 0.74765625 0.69453125 0.0375 0.1515625
2 0.76015625 0.633984375 0.0140625 0.02890625
2 0.64609375 0.07109375 0.01640625 0.02265625
