0 0.373828125 0.475 0.053125 0.15
0 0.2484375 0.398828125 0.0359375 0.1359375
0 0.237109375 0.366796875 0.04296875 0.1171875
0 0.373046875 0.26953125 0.034375 0.1359375
0 0.392578125 0.200390625 0.03828125 0.134375
0 0.487890625 0.3265625 0.0359375 0.13828125
0 0.591796875 0.086328125 0.03203125 0.121875
0 0.51640625 0.1359375 0.0375 0.13203125
0 0.5484375 0.041796875 0.0296875 0.08359375
0 0.508203125 0.044140625 0.04296875 0.08828125
0 0.454296875 0.10546875 0.0421875 0.1203125
0 0.369921875 0.05078125 0.028125 0.08984375
