0 0.369140625 0.455859375 0.0484375 0.14921875
0 0.245703125 0.374609375 0.03203125 0.1359375
0 0.2359375 0.3421875 0.0390625 0.11640625
0 0.375390625 0.248828125 0.03046875 0.1359375
0 0.397265625 0.180078125 0.03359375 0.134375
0 0.4890625 0.31015625 0.03125 0.1390625
0 0.6015625 0.072265625 0.02734375 0.12265625
0 0.523828125 0.11953125 0.0328125 0.13203125
0 0.559375 0.03359375 0.0265625 0.0671875
0 0.519140625 0.035546875 0.03984375 0.07109375
0 0.462890625 0.087109375 0.03828125 0.1203125
0 0.380078125 0.0375 0.025 0.071875
