0 0.62890625 0.48359375 0.06171875 0.159375
0 0.7484375 0.385546875 0.04296875 0.14375
0 0.755078125 0.350390625 0.04921875 0.125
0 0.59921875 0.26875 0.04140625 0.14375
0 0.569140625 0.19921875 0.04453125 0.1421875
0 0.487890625 0.344921875 0.04296875 0.146875
0 0.344140625 0.108984375 0.0375 0.1296875
0 0.430078125 0.14921875 0.04375 0.13984375
0 0.3828125 0.05390625 0.03359375 0.0921875
0 0.424609375 0.0515625 0.0484375 0.096875
0 0.490625 0.10859375 0.04921875 0.128125
0 0.5703125 0.043359375 0.0328125 0.08671875
