0 0.638671875 0.221484375 0.02421875 0.0796875
2 0.646484375 0.269140625 0.0109375 0.01875
0 0.18203125 0.35703125 0.02109375 0.10859375
0 0.060546875 0.227734375 0.01875 0.096875
0 0.23515625 0.656640625 0.025 0.11640625
0 0.26328125 0.809765625 0.04609375 0.121875
0 0.37578125 0.57890625 0.03125 0.1125
0 0.395703125 0.928515625 0.0390625 0.11953125
0 0.55 0.744140625 0.0328125 0.11171875
0 0.575 0.913671875 0.04296875 0.128125
0 0.689453125 0.768359375 0.034375 0.1125
0 0.83828125 0.419921875 0.02265625 0.1125
0 0.921484375 0.49921875 0.0390625 0.10625
0 0.924609375 0.54140625 0.034375 0.096875
0 0.930078125 0.71875 0.040625 0.1125
