0 0.663671875 0.1953125 0.02578125 0.08125
2 0.67109375 0.244140625 0.01171875 0.01875
0 0.200390625 0.324609375 0.0234375 0.11015625
0 0.0796875 0.19140625 0.0203125 0.0984375
0 0.2484375 0.628515625 0.0265625 0.11796875
0 0.27421875 0.78359375 0.0484375 0.12421875
0 0.3921875 0.551953125 0.03359375 0.1140625
0 0.405859375 0.905859375 0.040625 0.12109375
0 0.56484375 0.72265625 0.034375 0.11328125
0 0.587109375 0.894140625 0.04609375 0.13046875
0 0.705078125 0.74921875 0.0375 0.1140625
0 0.86171875 0.399609375 0.025 0.1140625
0 0.944140625 0.48125 0.04140625 0.10859375
0 0.946875 0.52421875 0.03671875 0.0984375
0 0.949609375 0.703515625 0.04296875 0.11484375
