0 0.8828125 0.351953125 0.021875 0.08359375
0 0.92109375 0.6265625 0.02890625 0.0953125
0 0.855078125 0.5953125 0.0328125 0.0984375
0 0.7796875 0.683203125 0.02421875 0.08671875
0 0.626171875 0.42890625 0.02578125 0.08984375
0 0.753515625 0.848046875 0.03046875 0.1015625
0 0.599609375 0.813671875 0.028125 0.09140625
0 0.586328125 0.84609375 0.03515625 0.103125
0 0.241015625 0.457421875 0.02265625 0.08359375
2 0.25 0.49765625 0.01015625 0.01953125
0 0.1328125 0.37109375 0.0234375 0.08671875
0 0.134375 0.74296875 0.03828125 0.10625
0 0.172265625 0.81015625 0.028125 0.09921875
0 0.316796875 0.64609375 0.03203125 0.10078125
0 0.499609375 0.958203125 0.02578125 0.08359375
0 0.517578125 0.955859375 0.03046875 0.08828125
0 0.955078125 0.98046875 0.02578125 0.0390625
2 0.00859375 0.355078125 0.00390625 0.01484375
