0 0.101953125 0.3015625 0.02109375 0.08828125
0 0.0359375 0.58828125 0.028125 0.10078125
0 0.108203125 0.56171875 0.0328125 0.1046875
0 0.180078125 0.66171875 0.02421875 0.0921875
0 0.365234375 0.406640625 0.02578125 0.0953125
0 0.1921875 0.837890625 0.03046875 0.1078125
0 0.3578125 0.81640625 0.028125 0.096875
0 0.36875 0.8515625 0.03515625 0.10859375
0 0.76875 0.47265625 0.021875 0.08828125
2 0.75546875 0.5140625 0.01015625 0.0203125
0 0.890234375 0.39140625 0.0234375 0.0921875
0 0.8546875 0.783984375 0.03828125 0.11171875
0 0.808203125 0.851953125 0.028125 0.10546875
0 0.671484375 0.665234375 0.03203125 0.10625
0 0.450390625 0.96640625 0.02421875 0.06484375
0 0.43125 0.962890625 0.0296875 0.07109375
