0 0.119140625 0.394140625 0.02734375 0.08359375
0 0.108984375 0.691796875 0.040625 0.09296875
0 0.298046875 0.541015625 0.028125 0.09296875
0 0.2515625 0.77578125 0.0296875 0.090625
0 0.29453125 0.887109375 0.0265625 0.1
0 0.36640625 0.923828125 0.03515625 0.1046875
0 0.32578125 0.95859375 0.028125 0.0828125
0 0.437890625 0.9875 0.02734375 0.025
0 0.5984375 0.578515625 0.03046875 0.08671875
2 0.5828125 0.61640625 0.0125 0.01796875
0 0.683203125 0.721484375 0.034375 0.1046875
0 0.894921875 0.46640625 0.025 0.075
0 0.891015625 0.873046875 0.03125 0.10390625
0 0.968359375 0.82109375 0.03359375 0.10703125
2 0.982421875 0.376171875 0.0125 0.0203125
