0 0.856640625 0.332421875 0.02578125 0.0796875
0 0.90546875 0.6109375 0.0390625 0.08828125
0 0.707421875 0.494140625 0.0265625 0.08828125
0 0.782421875 0.70859375 0.028125 0.0859375
0 0.756640625 0.81875 0.02578125 0.0953125
0 0.69375 0.862890625 0.0328125 0.09921875
0 0.73671875 0.901953125 0.028125 0.09765625
0 0.636328125 0.955859375 0.02890625 0.07265625
0 0.61953125 0.96875 0.0328125 0.05
0 0.429296875 0.569140625 0.02890625 0.08203125
2 0.448828125 0.602734375 0.01171875 0.0171875
0 0.36796875 0.714453125 0.0328125 0.09921875
0 0.134375 0.502734375 0.02421875 0.0703125
0 0.1921875 0.884375 0.0296875 0.09921875
0 0.11171875 0.84609375 0.03203125 0.1015625
2 0.040234375 0.4296875 0.01171875 0.01953125
