0 0.85390625 0.333203125 0.0265625 0.078125
0 0.907421875 0.6078125 0.03984375 0.0875
0 0.708984375 0.495703125 0.02734375 0.0875
0 0.78671875 0.706640625 0.0296875 0.08515625
0 0.762890625 0.816015625 0.0265625 0.09453125
0 0.7015625 0.860546875 0.034375 0.0984375
0 0.744921875 0.8984375 0.02890625 0.096875
0 0.646484375 0.95390625 0.0296875 0.071875
0 0.6296875 0.966796875 0.03359375 0.05
0 0.434765625 0.574609375 0.0296875 0.08203125
2 0.4546875 0.607421875 0.01171875 0.0171875
0 0.3765625 0.71953125 0.034375 0.0984375
0 0.141796875 0.514453125 0.025 0.0703125
0 0.205078125 0.891015625 0.03125 0.0984375
0 0.125 0.854296875 0.03359375 0.10078125
2 0.046875 0.44375 0.01171875 0.01953125
