0 0.883984375 0.37578125 0.0203125 0.0890625
0 0.903515625 0.53984375 0.02265625 0.084375
0 0.508203125 0.6578125 0.02890625 0.09296875
0 0.7125 0.69140625 0.025 0.0953125
0 0.73359375 0.730078125 0.02421875 0.0890625
0 0.76796875 0.820703125 0.02421875 0.09375
0 0.692578125 0.866796875 0.0265625 0.09453125
0 0.46015625 0.7546875 0.03515625 0.0953125
0 0.748046875 0.967578125 0.02265625 0.05625
0 0.12421875 0.541015625 0.01953125 0.08515625
0 0.130859375 0.84453125 0.02890625 0.1046875
0 0.158984375 0.9390625 0.02890625 0.10390625
2 0.0609375 0.4078125 0.0109375 0.01484375
