0 0.9171875 0.39140625 0.025 0.084375
0 0.804296875 0.783984375 0.034375 0.08828125
0 0.8125 0.914453125 0.03125 0.096875
0 0.721484375 0.8953125 0.02890625 0.09609375
0 0.778515625 0.97734375 0.0234375 0.01796875
0 0.69140625 0.75078125 0.03125 0.10625
0 0.484375 0.67734375 0.028125 0.08984375
0 0.505859375 0.833203125 0.02890625 0.09765625
0 0.25078125 0.971875 0.0265625 0.05625
0 0.200390625 0.892578125 0.03203125 0.090625
0 0.080078125 0.628125 0.0234375 0.08203125
2 0.030078125 0.448828125 0.009375 0.01328125
