0 0.924609375 0.4359375 0.028125 0.08515625
0 0.98203125 0.708203125 0.01171875 0.09453125
0 0.75859375 0.808984375 0.0375 0.0890625
0 0.74765625 0.9390625 0.03515625 0.096875
0 0.660546875 0.907421875 0.03203125 0.096875
0 0.70546875 0.993359375 0.025 0.01328125
0 0.65078125 0.760546875 0.03515625 0.10625
0 0.45625 0.65859375 0.03125 0.090625
0 0.455859375 0.816015625 0.03203125 0.0984375
0 0.18203125 0.93203125 0.0296875 0.08515625
0 0.144921875 0.832421875 0.03515625 0.09140625
0 0.0625 0.553515625 0.02578125 0.08203125
2 0.038671875 0.369140625 0.01015625 0.01328125
