0 0.11328125 0.21640625 0.02109375 0.0796875
0 0.065625 0.656640625 0.03359375 0.0796875
0 0.051953125 0.926953125 0.0265625 0.1125
0 0.21015625 0.87265625 0.028125 0.10546875
0 0.227734375 0.744921875 0.0234375 0.0828125
0 0.248046875 0.723828125 0.0234375 0.0921875
2 0.278125 0.69296875 0.0109375 0.0203125
0 0.31640625 0.55078125 0.03203125 0.1
0 0.36796875 0.955078125 0.0421875 0.08984375
0 0.41875 0.9140625 0.03515625 0.10546875
0 0.511328125 0.710546875 0.0234375 0.1015625
0 0.5828125 0.513671875 0.021875 0.0921875
0 0.731640625 0.928515625 0.03203125 0.115625
0 0.81015625 0.8296875 0.03203125 0.1140625
