0 0.908203125 0.20546875 0.02421875 0.0859375
0 0.9671875 0.673828125 0.0375 0.0859375
0 0.985546875 0.94453125 0.02890625 0.09375
0 0.817578125 0.90703125 0.03203125 0.11328125
0 0.796484375 0.770703125 0.0265625 0.0890625
0 0.775 0.748828125 0.0265625 0.0984375
2 0.742578125 0.71640625 0.01171875 0.021875
0 0.69921875 0.565625 0.0359375 0.10703125
0 0.651953125 0.973046875 0.04609375 0.04921875
0 0.598828125 0.947265625 0.03828125 0.103125
0 0.495703125 0.739453125 0.0265625 0.10859375
0 0.416015625 0.530859375 0.02421875 0.09921875
0 0.266015625 0.95546875 0.03515625 0.0890625
0 0.180859375 0.871875 0.0359375 0.121875
