0 0.112890625 0.176953125 0.028125 0.0890625
0 0.03515625 0.657421875 0.04140625 0.08984375
0 0.0109375 0.93125 0.021875 0.0875
0 0.181640625 0.902734375 0.03671875 0.1171875
0 0.208203125 0.76328125 0.03046875 0.09296875
0 0.23125 0.74140625 0.03125 0.10234375
2 0.266015625 0.709375 0.0125 0.02265625
0 0.316015625 0.555859375 0.040625 0.11171875
0 0.35078125 0.97265625 0.04921875 0.04296875
0 0.406640625 0.94765625 0.04296875 0.09765625
0 0.520703125 0.7421875 0.03125 0.1125
0 0.61015625 0.530078125 0.02890625 0.103125
0 0.75 0.962890625 0.0390625 0.07421875
0 0.841015625 0.88984375 0.04140625 0.1265625
