0 0.2953125 0.51015625 0.04609375 0.14453125
0 0.38984375 0.50234375 0.04453125 0.1296875
0 0.48828125 0.4734375 0.034375 0.13671875
0 0.41171875 0.624609375 0.05546875 0.15625
0 0.37421875 0.35625 0.040625 0.13125
0 0.778125 0.030078125 0.0328125 0.02578125
0 0.6078125 0.23125 0.0296875 0.1234375
0 0.483984375 0.130859375 0.0390625 0.121875
0 0.57109375 0.12109375 0.0296875 0.06484375
0 0.563671875 0.201171875 0.03828125 0.11875
0 0.541796875 0.162890625 0.0359375 0.06875
0 0.53359375 0.241796875 0.0390625 0.128125
0 0.506640625 0.23984375 0.040625 0.1296875
