0 0.66796875 0.55 0.040625 0.14140625
0 0.575 0.539453125 0.0390625 0.1265625
0 0.479296875 0.5078125 0.02890625 0.13359375
0 0.548828125 0.65859375 0.04921875 0.15234375
0 0.5953125 0.39609375 0.0359375 0.12890625
0 0.208984375 0.041796875 0.03359375 0.06484375
0 0.3703125 0.265234375 0.025 0.12109375
0 0.4953125 0.171484375 0.034375 0.11875
0 0.409765625 0.159375 0.0265625 0.06328125
0 0.414453125 0.237890625 0.034375 0.115625
0 0.437109375 0.20078125 0.0328125 0.06640625
0 0.4421875 0.27890625 0.03359375 0.12578125
0 0.469140625 0.27734375 0.0359375 0.1265625
