0 0.678515625 0.55 0.04765625 0.14375
0 0.584765625 0.544140625 0.04609375 0.12890625
0 0.487109375 0.516796875 0.03671875 0.13515625
0 0.56484375 0.66484375 0.05703125 0.1546875
0 0.597265625 0.39921875 0.04296875 0.13046875
0 0.190234375 0.060546875 0.0375 0.07265625
0 0.364453125 0.279296875 0.03203125 0.12265625
0 0.48515625 0.178515625 0.040625 0.12109375
0 0.3984375 0.1703125 0.03046875 0.0640625
0 0.407421875 0.249609375 0.040625 0.11796875
0 0.428515625 0.2109375 0.03671875 0.06796875
0 0.4375 0.2890625 0.040625 0.12734375
0 0.46484375 0.286328125 0.0421875 0.128125
