0 0.45390625 0.440625 0.0328125 0.11640625
0 0.1296875 0.46875 0.03671875 0.1203125
0 0.051171875 0.508984375 0.04375 0.10625
0 0.059765625 0.725390625 0.05 0.115625
0 0.062890625 0.8359375 0.0328125 0.12421875
0 0.236328125 0.941796875 0.04609375 0.0921875
2 0.2890625 0.584375 0.01875 0.02265625
0 0.34296875 0.637109375 0.04453125 0.11796875
0 0.303515625 0.861328125 0.053125 0.11875
0 0.65546875 0.865625 0.04453125 0.13046875
0 0.757421875 0.7109375 0.03203125 0.1296875
0 0.87421875 0.371875 0.03359375 0.10546875
