0 0.51953125 0.49140625 0.02734375 0.10390625
0 0.809765625 0.521875 0.03125 0.1078125
0 0.8796875 0.55859375 0.03828125 0.09453125
0 0.943359375 0.685546875 0.03671875 0.09921875
0 0.868359375 0.752734375 0.04296875 0.103125
0 0.8640625 0.851953125 0.02734375 0.1109375
0 0.706640625 0.9484375 0.03984375 0.090625
2 0.66484375 0.62265625 0.0171875 0.0203125
0 0.615625 0.66953125 0.03828125 0.10546875
0 0.64765625 0.870703125 0.04609375 0.10546875
0 0.332421875 0.869140625 0.03828125 0.11640625
0 0.243359375 0.72890625 0.0265625 0.115625
0 0.14375 0.4234375 0.028125 0.09453125
0 0.99765625 0.887109375 0.0046875 0.12109375
2 0.006640625 0.43046875 0.01328125 0.02265625
2 0.163671875 0.091015625 0.0125 0.01796875
