0 0.520703125 0.51875 0.02734375 0.103125
0 0.80703125 0.569140625 0.03046875 0.10703125
0 0.87421875 0.610546875 0.0375 0.09375
0 0.928515625 0.740234375 0.03671875 0.0984375
0 0.849609375 0.80234375 0.04296875 0.10234375
0 0.83828125 0.9 0.02734375 0.11015625
0 0.67578125 0.969921875 0.0390625 0.06015625
2 0.65625 0.658984375 0.01640625 0.01953125
0 0.604296875 0.701953125 0.03828125 0.1046875
0 0.621875 0.90390625 0.0453125 0.1046875
0 0.30859375 0.880078125 0.03828125 0.115625
0 0.2296875 0.73515625 0.0265625 0.11484375
0 0.1515625 0.425 0.028125 0.09375
0 0.9765625 0.942578125 0.0203125 0.11484375
2 0.015234375 0.42265625 0.01328125 0.02265625
2 0.194921875 0.096875 0.0125 0.01796875
