0 0.92109375 0.94296875 0.0296875 0.1140625
0 0.791015625 0.878515625 0.03203125 0.11484375
0 0.79765625 0.658203125 0.0203125 0.10625
0 0.79921875 0.579296875 0.02265625 0.103125
0 0.700390625 0.661328125 0.0234375 0.09765625
0 0.648828125 0.755078125 0.0296875 0.109375
0 0.494921875 0.495703125 0.03203125 0.10390625
0 0.440234375 0.707421875 0.028125 0.1125
0 0.422265625 0.78984375 0.0265625 0.10625
0 0.3984375 0.7734375 0.025 0.09765625
0 0.38125 0.623828125 0.03125 0.09375
0 0.36015625 0.629296875 0.03359375 0.0875
0 0.16640625 0.428125 0.01953125 0.1046875
2 0.04375 0.383984375 0.0140625 0.01875
