0 0.03203125 0.918359375 0.0359375 0.11640625
0 0.164453125 0.859765625 0.0375 0.11484375
0 0.169140625 0.641796875 0.025 0.10625
0 0.171484375 0.5640625 0.02734375 0.10234375
0 0.265234375 0.65 0.028125 0.09765625
0 0.311328125 0.745703125 0.034375 0.11015625
0 0.476953125 0.49765625 0.03671875 0.10390625
0 0.5203125 0.709375 0.03359375 0.1125
0 0.53359375 0.791796875 0.03125 0.10625
0 0.5578125 0.7765625 0.0296875 0.09765625
0 0.5828125 0.630078125 0.03515625 0.09453125
0 0.603125 0.636328125 0.0375 0.08828125
0 0.805078125 0.44765625 0.025 0.1046875
2 0.928515625 0.410546875 0.01484375 0.01875
