0 0.071484375 0.961328125 0.03515625 0.07734375
0 0.2078125 0.909765625 0.03828125 0.12265625
0 0.192578125 0.67578125 0.025 0.11328125
0 0.18828125 0.5921875 0.02734375 0.109375
0 0.29609375 0.675390625 0.028125 0.1046875
0 0.3546875 0.7734375 0.03515625 0.11796875
0 0.50859375 0.491796875 0.0375 0.1109375
0 0.574609375 0.715234375 0.03359375 0.1203125
0 0.596875 0.801953125 0.03203125 0.1140625
0 0.621875 0.78359375 0.03046875 0.1046875
0 0.634375 0.623828125 0.0359375 0.10078125
0 0.65703125 0.62890625 0.0390625 0.09453125
0 0.85546875 0.4078125 0.025 0.1125
2 0.984375 0.356640625 0.015625 0.0203125
