0 0.870703125 0.39921875 0.03125 0.1078125
0 0.84453125 0.444140625 0.0328125 0.09609375
0 0.937109375 0.868359375 0.0359375 0.1171875
0 0.72109375 0.763671875 0.03671875 0.10625
0 0.66796875 0.453515625 0.034375 0.11484375
0 0.569921875 0.328515625 0.0296875 0.096875
0 0.196875 0.27109375 0.025 0.09921875
0 0.59140625 0.598828125 0.0328125 0.1
0 0.501171875 0.550390625 0.0328125 0.11328125
0 0.458203125 0.56015625 0.02890625 0.09453125
0 0.394140625 0.600390625 0.0328125 0.0875
0 0.375390625 0.978125 0.04140625 0.04375
