0 0.868359375 0.428515625 0.0265625 0.1109375
0 0.838671875 0.4734375 0.02890625 0.0984375
0 0.9109375 0.917578125 0.03125 0.1203125
0 0.694140625 0.797265625 0.03203125 0.10859375
0 0.655859375 0.4734375 0.0296875 0.1171875
0 0.561328125 0.338671875 0.02578125 0.1
0 0.1796875 0.258984375 0.02109375 0.1015625
0 0.56875 0.61953125 0.02890625 0.10234375
0 0.478515625 0.56484375 0.028125 0.11640625
0 0.43359375 0.57265625 0.025 0.096875
0 0.365234375 0.610546875 0.02890625 0.08984375
0 0.325 0.9890625 0.0390625 0.021875
