0 0.008984375 0.798046875 0.01796875 0.10703125
0 0.03359375 0.7984375 0.03046875 0.1203125
0 0.17421875 0.552734375 0.03515625 0.109375
0 0.597265625 0.31875 0.02578125 0.09140625
0 0.719140625 0.993359375 0.03828125 0.01328125
0 0.74609375 0.9875 0.0421875 0.025
0 0.57734375 0.98046875 0.0359375 0.0390625
0 0.484375 0.801171875 0.03828125 0.10234375
0 0.41171875 0.9515625 0.0375 0.0890625
0 0.283984375 0.82734375 0.04140625 0.11875
0 0.1671875 0.95546875 0.03125 0.04609375
2 0.671484375 0.20859375 0.009375 0.01875
