2 0.04609375 0.579296875 0.01015625 0.0171875
0 0.007421875 0.539453125 0.01484375 0.08984375
0 0.119140625 0.6875 0.03125 0.09140625
0 0.128125 0.73828125 0.025 0.10859375
0 0.2265625 0.89765625 0.0359375 0.1140625
0 0.33125 0.871484375 0.03515625 0.10859375
0 0.39140625 0.95546875 0.028125 0.0890625
0 0.556640625 0.96328125 0.03671875 0.07109375
0 0.5703125 0.909765625 0.028125 0.11328125
0 0.58515625 0.840234375 0.03046875 0.0984375
0 0.566015625 0.735546875 0.0328125 0.11015625
0 0.955859375 0.90234375 0.0328125 0.10859375
0 0.824609375 0.341796875 0.02265625 0.0984375
0 0.32265625 0.531640625 0.02734375 0.1015625
2 0.896484375 0.219140625 0.00703125 0.0140625
