2 0.019140625 0.525390625 0.01171875 0.01953125
0 0.08203125 0.649609375 0.0375 0.0984375
0 0.084375 0.704296875 0.0328125 0.11640625
0 0.167578125 0.8859375 0.04375 0.12265625
0 0.280859375 0.871484375 0.04296875 0.1171875
0 0.334765625 0.9546875 0.03203125 0.06796875
0 0.5078125 0.979296875 0.040625 0.04140625
0 0.52734375 0.941015625 0.0359375 0.11796875
0 0.551953125 0.871484375 0.0375 0.10625
0 0.545703125 0.75859375 0.04140625 0.11875
0 0.933203125 0.9625 0.04140625 0.075
0 0.86875 0.375390625 0.0296875 0.10546875
0 0.315625 0.5109375 0.034375 0.109375
2 0.959765625 0.2546875 0.00859375 0.015625
