0 0.961328125 0.66953125 0.034375 0.10234375
0 0.955078125 0.726953125 0.028125 0.12109375
0 0.858203125 0.9125 0.03984375 0.12734375
0 0.740234375 0.891015625 0.0390625 0.121875
0 0.67890625 0.967578125 0.0296875 0.05390625
0 0.4953125 0.985546875 0.0390625 0.02890625
0 0.478515625 0.944140625 0.03203125 0.11171875
0 0.456640625 0.87578125 0.03359375 0.11015625
0 0.469140625 0.7578125 0.03671875 0.1234375
0 0.049609375 0.95625 0.03671875 0.0875
0 0.1515625 0.338671875 0.02578125 0.11015625
0 0.7234375 0.5109375 0.03046875 0.1140625
2 0.062890625 0.207421875 0.0078125 0.01640625
