0 0.07109375 0.52734375 0.03125 0.10703125
0 0.1578125 0.6609375 0.03671875 0.10078125
0 0.165625 0.917578125 0.0375 0.12109375
0 0.29375 0.522265625 0.03671875 0.10546875
0 0.308984375 0.815234375 0.0328125 0.11875
0 0.3484375 0.851953125 0.0359375 0.11875
0 0.38515625 0.9859375 0.03125 0.028125
0 0.537109375 0.723828125 0.0421875 0.11640625
0 0.6078125 0.910546875 0.0375 0.12578125
0 0.71796875 0.967578125 0.03828125 0.04453125
0 0.9484375 0.926171875 0.03125 0.10234375
0 0.807421875 0.294140625 0.0265625 0.1015625
2 0.878515625 0.166796875 0.01484375 0.01875
