0 0.943359375 0.851953125 0.0359375 0.11953125
0 0.9640625 0.47890625 0.02890625 0.10859375
0 0.82265625 0.587890625 0.0296875 0.10390625
0 0.778125 0.803515625 0.05546875 0.1234375
0 0.68984375 0.808203125 0.0390625 0.12109375
0 0.70546875 0.4828125 0.03046875 0.11484375
0 0.491796875 0.646875 0.04375 0.11875
0 0.391796875 0.792578125 0.03671875 0.13046875
0 0.1546875 0.253125 0.0296875 0.1046875
0 0.259375 0.882421875 0.0359375 0.12578125
0 0.094140625 0.91875 0.04765625 0.1234375
2 0.085546875 0.133984375 0.0140625 0.01953125
