0 0.01796875 0.82734375 0.02734375 0.11953125
0 0.009765625 0.450390625 0.01953125 0.10859375
0 0.146484375 0.567578125 0.02578125 0.10390625
0 0.183984375 0.786328125 0.0515625 0.12265625
0 0.27265625 0.79375 0.0359375 0.12109375
0 0.268359375 0.46640625 0.02734375 0.11484375
0 0.477734375 0.638671875 0.03984375 0.11875
0 0.573046875 0.788671875 0.0328125 0.13046875
0 0.830859375 0.2546875 0.0265625 0.10546875
0 0.703125 0.883984375 0.03203125 0.12578125
0 0.86875 0.93046875 0.0421875 0.12578125
2 0.905078125 0.137109375 0.01328125 0.01953125
