0 0.013671875 0.803515625 0.02734375 0.11484375
0 0.02734375 0.447265625 0.02734375 0.10390625
0 0.151171875 0.564453125 0.028125 0.09921875
0 0.171875 0.775 0.05234375 0.11796875
0 0.25546875 0.787890625 0.03828125 0.115625
0 0.2734375 0.476953125 0.0296875 0.109375
0 0.459765625 0.654296875 0.04140625 0.1140625
0 0.540625 0.802734375 0.03515625 0.125
0 0.81953125 0.312890625 0.02890625 0.10078125
0 0.657421875 0.9015625 0.034375 0.1203125
0 0.810546875 0.948046875 0.04453125 0.10390625
2 0.89765625 0.20625 0.01328125 0.01875
