0 0.06015625 0.169921875 0.05625 0.12421875
0 0.363671875 0.510546875 0.04765625 0.15234375
0 0.497265625 0.6171875 0.07109375 0.16796875
0 0.473046875 0.36796875 0.05234375 0.13515625
0 0.561328125 0.080078125 0.04296875 0.1234375
0 0.680078125 0.223046875 0.0453125 0.13359375
0 0.567578125 0.512890625 0.05 0.13671875
0 0.56875 0.200390625 0.04375 0.13515625
0 0.623828125 0.14609375 0.0421875 0.10546875
0 0.640234375 0.233203125 0.04453125 0.13828125
0 0.55078125 0.4609375 0.04609375 0.1359375
0 0.594140625 0.15 0.04453125 0.13984375
0 0.58984375 0.226953125 0.0453125 0.14296875
