0 0.869140625 0.18828125 0.04375 0.11015625
0 0.18671875 0.0234375 0.025 0.0265625
0 0.63828125 0.532421875 0.034375 0.13671875
0 0.531640625 0.644921875 0.0546875 0.15
0 0.521875 0.41796875 0.03984375 0.12109375
0 0.405859375 0.1703125 0.03125 0.11015625
0 0.3171875 0.313671875 0.0328125 0.1203125
0 0.455078125 0.56015625 0.03671875 0.12265625
0 0.41484375 0.279296875 0.03125 0.12109375
0 0.358203125 0.2375 0.03203125 0.09453125
0 0.3546875 0.31796875 0.03203125 0.12421875
0 0.463671875 0.5109375 0.03359375 0.121875
0 0.385546875 0.2375 0.03203125 0.12578125
0 0.398828125 0.30625 0.0328125 0.128125
