0 0.141796875 0.144921875 0.046875 0.11953125
0 0.38984375 0.5171875 0.03671875 0.14765625
0 0.505078125 0.63984375 0.05859375 0.16171875
0 0.515625 0.39375 0.04296875 0.13046875
0 0.640625 0.126171875 0.03359375 0.11953125
0 0.7359375 0.28125 0.0359375 0.1296875
0 0.5875 0.54765625 0.03984375 0.13203125
0 0.630859375 0.244140625 0.03359375 0.13046875
0 0.691796875 0.19921875 0.034375 0.1015625
0 0.695703125 0.285546875 0.034375 0.13359375
0 0.578125 0.49453125 0.0359375 0.13203125
0 0.662109375 0.198828125 0.034375 0.1359375
0 0.6484375 0.273046875 0.03515625 0.1390625
