0 0.212890625 0.84765625 0.0359375 0.1015625
0 0.5578125 0.96640625 0.0328125 0.0671875
0 0.94765625 0.965625 0.0265625 0.06875
0 0.162109375 0.7140625 0.0296875 0.09296875
0 0.556640625 0.88203125 0.0390625 0.10390625
0 0.91484375 0.67890625 0.02578125 0.08671875
0 0.55625 0.691796875 0.0390625 0.0953125
0 0.84296875 0.9015625 0.0375 0.10234375
0 0.9375 0.315234375 0.0265625 0.07734375
0 0.85859375 0.859375 0.02421875 0.09140625
0 0.740234375 0.68671875 0.02578125 0.08984375
2 0.19375 0.26953125 0.01171875 0.015625
