0 0.726171875 0.852734375 0.034375 0.096875
0 0.2671875 0.962109375 0.0375 0.04765625
0 0.381640625 0.940625 0.0328125 0.103125
0 0.012890625 0.8828125 0.02578125 0.096875
0 0.7921875 0.73359375 0.02890625 0.0890625
0 0.396875 0.839453125 0.0375 0.0984375
0 0.084765625 0.599609375 0.02421875 0.0828125
0 0.422265625 0.66015625 0.03671875 0.090625
0 0.123046875 0.819921875 0.03515625 0.09765625
0 0.11171875 0.252734375 0.02578125 0.07421875
0 0.113671875 0.778125 0.0234375 0.0875
0 0.248828125 0.63046875 0.025 0.08515625
2 0.82109375 0.30859375 0.01171875 0.015625
