0 0.8203125 0.80078125 0.0296875 0.08984375
2 0.81484375 0.84453125 0.0109375 0.02109375
0 0.867578125 0.804296875 0.040625 0.08984375
0 0.5984375 0.94453125 0.03125 0.1109375
0 0.6515625 0.8890625 0.0328125 0.10859375
0 0.6453125 0.787890625 0.04375 0.06953125
0 0.741796875 0.675 0.03984375 0.09609375
0 0.800390625 0.614453125 0.0296875 0.0984375
0 0.81640625 0.48125 0.0296875 0.103125
0 0.8578125 0.476953125 0.03046875 0.103125
0 0.948046875 0.55625 0.03046875 0.1078125
0 0.395703125 0.659765625 0.03828125 0.103125
0 0.404296875 0.618359375 0.0265625 0.09453125
0 0.326171875 0.481640625 0.03046875 0.10859375
0 0.1046875 0.50703125 0.034375 0.11015625
0 0.067578125 0.406640625 0.02421875 0.10078125
