0 0.2 0.809765625 0.03515625 0.09296875
2 0.207421875 0.85390625 0.0125 0.02265625
0 0.1515625 0.816015625 0.0453125 0.09375
0 0.4328125 0.94375 0.0375 0.1125
0 0.37578125 0.891015625 0.0390625 0.11171875
0 0.376953125 0.7875 0.04765625 0.07265625
0 0.273046875 0.677734375 0.04609375 0.09921875
0 0.21015625 0.61953125 0.03515625 0.1015625
0 0.187109375 0.484765625 0.03515625 0.10546875
0 0.144921875 0.482421875 0.0359375 0.10546875
0 0.057421875 0.56796875 0.03671875 0.1109375
0 0.6234375 0.644140625 0.04453125 0.10703125
0 0.6125 0.601953125 0.03203125 0.09765625
0 0.684765625 0.458984375 0.03671875 0.11171875
0 0.9109375 0.473046875 0.040625 0.11328125
0 0.94375 0.369140625 0.03046875 0.103125
