0 0.119140625 0.839453125 0.03046875 0.0953125
2 0.122265625 0.8859375 0.01171875 0.02265625
0 0.068359375 0.840625 0.04140625 0.0953125
0 0.347265625 0.971875 0.0296875 0.0515625
0 0.2921875 0.940625 0.03359375 0.11171875
0 0.30546875 0.835546875 0.0453125 0.07265625
0 0.209375 0.71015625 0.040625 0.1015625
0 0.15 0.642578125 0.0296875 0.1046875
0 0.141015625 0.500390625 0.0296875 0.10859375
0 0.097265625 0.493359375 0.03046875 0.10859375
0 0.00625 0.570703125 0.0125 0.11484375
0 0.578125 0.713671875 0.0390625 0.109375
0 0.57109375 0.668359375 0.0265625 0.10078125
0 0.662109375 0.528125 0.03046875 0.11484375
0 0.895703125 0.5671875 0.03515625 0.1171875
0 0.94140625 0.462890625 0.02421875 0.10703125
