0 0.06015625 0.546875 0.021875 0.1125
0 0.140234375 0.48984375 0.0265625 0.10234375
0 0.157421875 0.485546875 0.0171875 0.1078125
0 0.234765625 0.556640625 0.02734375 0.09296875
0 0.283203125 0.727734375 0.028125 0.1
0 0.303125 0.862109375 0.0265625 0.1140625
0 0.371875 0.94296875 0.04296875 0.11015625
0 0.513671875 0.698046875 0.03828125 0.10390625
0 0.466796875 0.5453125 0.028125 0.08203125
0 0.5015625 0.56171875 0.0390625 0.07265625
0 0.631640625 0.744921875 0.03046875 0.109375
0 0.62890625 0.70546875 0.03671875 0.0546875
0 0.762890625 0.576171875 0.03046875 0.10234375
0 0.88203125 0.604296875 0.02890625 0.11484375
0 0.859375 0.391015625 0.01640625 0.084375
