0 0.051171875 0.562890625 0.025 0.1078125
0 0.1296875 0.510546875 0.02890625 0.0984375
0 0.14609375 0.50703125 0.0203125 0.10390625
0 0.21796875 0.577734375 0.02890625 0.0890625
0 0.25859375 0.742578125 0.03046875 0.09609375
0 0.27265625 0.871875 0.02890625 0.109375
0 0.335546875 0.9453125 0.04453125 0.09609375
0 0.479296875 0.721875 0.03984375 0.10078125
0 0.439453125 0.57421875 0.0296875 0.07890625
0 0.47265625 0.591796875 0.03984375 0.0703125
0 0.590234375 0.7703125 0.0328125 0.10546875
0 0.5890625 0.7328125 0.03671875 0.05390625
0 0.721484375 0.613671875 0.03203125 0.0984375
0 0.834375 0.644921875 0.03125 0.11015625
0 0.81953125 0.440625 0.01875 0.08125
