0 0.994140625 0.496484375 0.01171875 0.11953125
0 0.91328125 0.441796875 0.034375 0.11015625
0 0.894921875 0.437890625 0.025 0.115625
0 0.816796875 0.518359375 0.03359375 0.1
0 0.775390625 0.70234375 0.03515625 0.10703125
0 0.76171875 0.84609375 0.034375 0.121875
0 0.693359375 0.932421875 0.0515625 0.11328125
0 0.5296875 0.68359375 0.04609375 0.1125
0 0.57109375 0.518359375 0.034375 0.08828125
0 0.53515625 0.53828125 0.0453125 0.07890625
0 0.407421875 0.739453125 0.03828125 0.1171875
0 0.40859375 0.69765625 0.04140625 0.06015625
0 0.259765625 0.567578125 0.0375 0.11015625
0 0.134765625 0.6046875 0.03671875 0.12265625
0 0.147265625 0.3765625 0.021875 0.090625
