0 0.94765625 0.575390625 0.015625 0.10859375
0 0.905078125 0.49375 0.0203125 0.096875
0 0.878125 0.50234375 0.01953125 0.10625
0 0.79609375 0.82890625 0.02578125 0.10625
0 0.762109375 0.671484375 0.0234375 0.096875
0 0.74765625 0.628515625 0.0234375 0.09375
0 0.702734375 0.890234375 0.0265625 0.1171875
0 0.634375 0.68203125 0.0234375 0.10859375
2 0.63828125 0.725 0.0109375 0.0171875
0 0.617578125 0.566796875 0.01953125 0.103125
0 0.5890625 0.630078125 0.0390625 0.075
0 0.447265625 0.680078125 0.03125 0.10390625
0 0.411328125 0.55234375 0.025 0.10234375
0 0.406640625 0.8046875 0.02734375 0.1125
0 0.307421875 0.636328125 0.0234375 0.10625
0 0.2390625 0.41015625 0.0203125 0.090625
2 0.0109375 0.58671875 0.009375 0.02265625
