0 0.051953125 0.56328125 0.01796875 0.11015625
0 0.096875 0.480859375 0.02265625 0.0984375
0 0.123828125 0.490234375 0.021875 0.10859375
0 0.201171875 0.823828125 0.028125 0.10859375
0 0.2390625 0.6640625 0.02578125 0.0984375
0 0.25390625 0.62109375 0.025 0.09609375
0 0.295703125 0.8875 0.02890625 0.11953125
0 0.368359375 0.676953125 0.025 0.1109375
2 0.363671875 0.720703125 0.0109375 0.01796875
0 0.3875 0.56015625 0.021875 0.10546875
0 0.415234375 0.625 0.04140625 0.07734375
0 0.55859375 0.678515625 0.03359375 0.10625
0 0.597265625 0.54921875 0.02734375 0.1046875
0 0.59765625 0.805859375 0.0296875 0.115625
0 0.7015625 0.63671875 0.02578125 0.10859375
0 0.775 0.407421875 0.02265625 0.0921875
