0 0.0609375 0.648828125 0.028125 0.1140625
0 0.095703125 0.559375 0.03125 0.10234375
0 0.124609375 0.565234375 0.03203125 0.1125
0 0.24453125 0.894921875 0.03828125 0.1125
0 0.262890625 0.728125 0.03515625 0.10234375
0 0.27265625 0.68203125 0.03359375 0.1
0 0.347265625 0.94296875 0.03984375 0.1140625
0 0.3953125 0.725 0.03515625 0.11484375
2 0.39609375 0.769921875 0.0125 0.01875
0 0.399609375 0.60390625 0.03125 0.10859375
0 0.436328125 0.666015625 0.04921875 0.08203125
0 0.587890625 0.70234375 0.04375 0.1109375
0 0.610546875 0.56640625 0.0375 0.10859375
0 0.643359375 0.82734375 0.040625 0.11953125
0 0.726953125 0.642578125 0.0359375 0.11171875
0 0.773046875 0.40078125 0.03046875 0.0953125
