0 0.56328125 0.69296875 0.0375 0.1453125
0 0.674609375 0.573828125 0.03828125 0.14765625
0 0.36015625 0.5984375 0.0328125 0.13671875
0 0.391015625 0.610546875 0.04609375 0.1421875
0 0.47421875 0.560546875 0.03984375 0.14609375
0 0.458203125 0.44765625 0.05 0.13359375
0 0.455859375 0.423828125 0.06484375 0.10859375
0 0.419921875 0.3484375 0.034375 0.13203125
0 0.446484375 0.32109375 0.04765625 0.121875
0 0.425390625 0.28828125 0.0359375 0.115625
0 0.458203125 0.26640625 0.03671875 0.07578125
0 0.4171875 0.212109375 0.03671875 0.103125
0 0.548046875 0.1984375 0.02890625 0.12109375
0 0.733984375 0.17890625 0.03515625 0.1171875
0 0.873828125 0.1125 0.0359375 0.11875
0 0.944140625 0.0828125 0.0375 0.11640625
0 0.182421875 0.050390625 0.04765625 0.07109375
