0 0.601171875 0.624609375 0.03671875 0.14921875
0 0.71875 0.503515625 0.03671875 0.1515625
0 0.392578125 0.5234375 0.03125 0.140625
0 0.42421875 0.53671875 0.04453125 0.14609375
0 0.511328125 0.486328125 0.03828125 0.15078125
0 0.496484375 0.3703125 0.05 0.13671875
0 0.494921875 0.344921875 0.065625 0.1109375
0 0.458984375 0.266796875 0.0328125 0.1359375
0 0.487109375 0.2390625 0.04765625 0.125
0 0.466015625 0.205078125 0.03515625 0.11875
0 0.5 0.183203125 0.03671875 0.07734375
0 0.458984375 0.126171875 0.03671875 0.10625
0 0.594140625 0.1140625 0.028125 0.12421875
0 0.786328125 0.09765625 0.034375 0.12109375
0 0.931640625 0.044921875 0.03515625 0.08984375
