0 0.46328125 0.657421875 0.03125 0.13671875
0 0.350390625 0.55234375 0.03125 0.13828125
0 0.649609375 0.5546875 0.02578125 0.128125
0 0.620703125 0.56875 0.0390625 0.1328125
0 0.5390625 0.526953125 0.0328125 0.1375
0 0.546484375 0.419921875 0.04296875 0.125
0 0.546875 0.396875 0.0578125 0.10078125
0 0.57578125 0.323828125 0.028125 0.1234375
0 0.54921875 0.299609375 0.04140625 0.1140625
0 0.5671875 0.2671875 0.03046875 0.10859375
0 0.53515625 0.248828125 0.03203125 0.0703125
0 0.56953125 0.1953125 0.03203125 0.096875
0 0.445703125 0.190625 0.0234375 0.11328125
0 0.26875 0.184375 0.02890625 0.11015625
0 0.13203125 0.13125 0.03046875 0.1109375
0 0.063671875 0.1078125 0.03125 0.109375
0 0.78046875 0.030078125 0.0421875 0.06015625
