0 0.021875 0.733203125 0.01953125 0.096875
0 0.073828125 0.7265625 0.02890625 0.0984375
0 0.086328125 0.64765625 0.0375 0.10390625
2 0.124609375 0.714453125 0.01328125 0.0203125
0 0.225390625 0.635546875 0.0375 0.10078125
0 0.216015625 0.78515625 0.03671875 0.0765625
0 0.22578125 0.841796875 0.04453125 0.1015625
0 0.34140625 0.914453125 0.0328125 0.12109375
0 0.48046875 0.80703125 0.02890625 0.10859375
0 0.50625 0.85078125 0.03359375 0.109375
0 0.61796875 0.6578125 0.03515625 0.1109375
0 0.969140625 0.722265625 0.0390625 0.1140625
0 0.989453125 0.530078125 0.02109375 0.09765625
