0 0.004296875 0.644921875 0.00859375 0.1046875
0 0.017578125 0.5640625 0.03203125 0.1078125
2 0.053125 0.637890625 0.0125 0.0203125
0 0.166015625 0.561328125 0.0328125 0.10546875
0 0.144921875 0.71953125 0.0328125 0.07890625
0 0.151171875 0.780078125 0.040625 0.10546875
0 0.268359375 0.865234375 0.0265625 0.12734375
0 0.4234375 0.762109375 0.0234375 0.11328125
0 0.447265625 0.81015625 0.02734375 0.1140625
0 0.58046875 0.6140625 0.0296875 0.115625
0 0.94765625 0.708203125 0.0328125 0.11875
0 0.98515625 0.50703125 0.01953125 0.103125
