0 0.05078125 0.794140625 0.06484375 0.1890625
0 0.558984375 0.659765625 0.07265625 0.18671875
0 0.030078125 0.342578125 0.06015625 0.15546875
0 0.223828125 0.248046875 0.06640625 0.16796875
0 0.1171875 0.12890625 0.05703125 0.153125
0 0.25546875 0.06328125 0.03671875 0.0828125
0 0.264453125 0.033984375 0.034375 0.02734375
0 0.5359375 0.02109375 0.034375 0.0421875
0 0.571875 0.07109375 0.0609375 0.1421875
0 0.774609375 0.186328125 0.05234375 0.15703125
0 0.680078125 0.46328125 0.07421875 0.1703125
0 0.5546875 0.431640625 0.08203125 0.16171875
