0 0.03125 0.757421875 0.0515625 0.18828125
0 0.55078125 0.65859375 0.06015625 0.18515625
0 0.033984375 0.301953125 0.06796875 0.15234375
0 0.24375 0.221484375 0.05546875 0.1671875
0 0.144921875 0.09453125 0.046875 0.1515625
0 0.2890625 0.043359375 0.03125 0.0734375
0 0.299609375 0.0140625 0.0328125 0.015625
0 0.574609375 0.018359375 0.03203125 0.03671875
0 0.605078125 0.069140625 0.05078125 0.13828125
0 0.801171875 0.1984375 0.04140625 0.15703125
0 0.68671875 0.469921875 0.06328125 0.16796875
0 0.5625 0.42890625 0.071875 0.15859375
