0 0.94453125 0.827734375 0.0734375 0.2
0 0.4015625 0.694921875 0.0734375 0.196875
0 0.961328125 0.349609375 0.07734375 0.16328125
0 0.74765625 0.25390625 0.0671875 0.17734375
0 0.8578125 0.12578125 0.0578125 0.1609375
0 0.710546875 0.059375 0.0375 0.0875
0 0.70078125 0.028125 0.0359375 0.028125
0 0.412109375 0.02109375 0.03671875 0.0421875
0 0.376171875 0.073828125 0.06171875 0.14765625
0 0.164453125 0.198828125 0.05234375 0.165625
0 0.26953125 0.48984375 0.07578125 0.17890625
0 0.4015625 0.45390625 0.08359375 0.16953125
