0 0.744921875 0.970703125 0.02890625 0.0359375
0 0.897265625 0.90859375 0.04765625 0.1125
0 0.890234375 0.523828125 0.03046875 0.1
0 0.86640625 0.600390625 0.03046875 0.1125
0 0.832421875 0.490234375 0.028125 0.1109375
0 0.7703125 0.712109375 0.03515625 0.08515625
0 0.7625 0.58359375 0.02734375 0.096875
0 0.72890625 0.333984375 0.025 0.09765625
0 0.679296875 0.50234375 0.02734375 0.1046875
0 0.573046875 0.590234375 0.0359375 0.11484375
0 0.490234375 0.461328125 0.02421875 0.09296875
0 0.39140625 0.482421875 0.0296875 0.10390625
0 0.64140625 0.88359375 0.04453125 0.11640625
0 0.38515625 0.79375 0.03359375 0.10234375
0 0.378515625 0.735546875 0.028125 0.0734375
0 0.269140625 0.79296875 0.028125 0.1125
0 0.22109375 0.871875 0.03671875 0.12265625
0 0.20546875 0.895703125 0.02890625 0.109375
