0 0.711328125 0.930078125 0.0359375 0.1078125
0 0.85546875 0.827734375 0.05078125 0.1109375
0 0.834765625 0.450390625 0.0328125 0.0984375
0 0.814453125 0.526171875 0.03359375 0.11171875
0 0.77734375 0.419140625 0.03125 0.109375
0 0.72421875 0.6390625 0.0375 0.084375
0 0.712109375 0.513671875 0.03046875 0.09609375
0 0.6703125 0.26953125 0.028125 0.09609375
0 0.627734375 0.436328125 0.03046875 0.103125
0 0.526953125 0.526171875 0.0390625 0.11328125
0 0.44140625 0.402734375 0.0265625 0.0921875
0 0.3453125 0.426953125 0.0328125 0.103125
0 0.604296875 0.812109375 0.046875 0.11484375
0 0.35 0.732421875 0.0359375 0.1015625
0 0.34140625 0.675390625 0.03046875 0.07265625
0 0.23671875 0.735546875 0.03203125 0.1109375
0 0.191796875 0.814453125 0.03984375 0.12109375
0 0.17734375 0.838671875 0.03203125 0.1078125
