0 0.01015625 0.480078125 0.0203125 0.13046875
0 0.047265625 0.480859375 0.0296875 0.1390625
0 0.148828125 0.465625 0.0328125 0.13515625
0 0.21796875 0.51484375 0.040625 0.1359375
0 0.210546875 0.454296875 0.04921875 0.09296875
0 0.30078125 0.559765625 0.03046875 0.1328125
0 0.28359375 0.6453125 0.0265625 0.11484375
0 0.4609375 0.715625 0.05625 0.121875
0 0.38828125 0.488671875 0.04296875 0.140625
0 0.431640625 0.48359375 0.0328125 0.1296875
0 0.48359375 0.403515625 0.03203125 0.128125
0 0.443359375 0.256640625 0.03828125 0.1140625
0 0.37265625 0.14921875 0.04765625 0.10546875
0 0.191015625 0.14296875 0.03203125 0.11640625
0 0.133203125 0.101171875 0.03984375 0.11484375
0 0.87890625 0.080859375 0.03203125 0.1125
0 0.813671875 0.459375 0.03671875 0.13984375
0 0.739453125 0.49921875 0.04453125 0.12265625
