0 0.00703125 0.51953125 0.0140625 0.14375
0 0.10234375 0.5015625 0.03984375 0.14375
0 0.176953125 0.551171875 0.0484375 0.1453125
0 0.166796875 0.4875 0.0546875 0.1
0 0.266015625 0.59609375 0.03671875 0.14140625
0 0.2515625 0.687109375 0.0328125 0.12265625
0 0.441015625 0.75546875 0.0640625 0.13046875
0 0.35625 0.5171875 0.05 0.15078125
0 0.4015625 0.51015625 0.03984375 0.13828125
0 0.453515625 0.4234375 0.03828125 0.13671875
0 0.405859375 0.269921875 0.04453125 0.121875
0 0.326953125 0.158203125 0.05390625 0.11328125
0 0.134765625 0.15859375 0.03828125 0.12421875
0 0.071875 0.11640625 0.04609375 0.1234375
0 0.859375 0.0671875 0.03828125 0.11953125
0 0.804296875 0.470703125 0.04375 0.14921875
0 0.72734375 0.516015625 0.0515625 0.13203125
