0 0.6328125 0.4984375 0.028125 0.08828125
0 0.68125 0.64296875 0.02265625 0.08671875
0 0.642578125 0.73125 0.0234375 0.0890625
0 0.709765625 0.844140625 0.028125 0.09921875
0 0.653515625 0.9671875 0.034375 0.05625
0 0.59296875 0.809375 0.025 0.08984375
2 0.60390625 0.881640625 0.0109375 0.015625
0 0.508203125 0.74765625 0.02578125 0.09375
0 0.575390625 0.680859375 0.021875 0.0765625
0 0.490234375 0.65859375 0.021875 0.08984375
0 0.825390625 0.63203125 0.02265625 0.08671875
0 0.882421875 0.697265625 0.0265625 0.0953125
0 0.93203125 0.645703125 0.02421875 0.0890625
0 0.855078125 0.867578125 0.021875 0.08359375
0 0.8640625 0.9125 0.02265625 0.09140625
0 0.875 0.86015625 0.02734375 0.10703125
0 0.413671875 0.92109375 0.0296875 0.09453125
0 0.076953125 0.7953125 0.0265625 0.09609375
