0 0.380859375 0.476171875 0.03359375 0.0875
0 0.3234375 0.614453125 0.028125 0.0859375
0 0.355078125 0.703515625 0.02890625 0.0890625
0 0.28125 0.809765625 0.034375 0.09921875
0 0.326953125 0.945703125 0.03984375 0.0796875
0 0.398828125 0.783984375 0.03125 0.08984375
2 0.3828125 0.85390625 0.0125 0.01640625
0 0.4859375 0.72890625 0.03125 0.09296875
0 0.424609375 0.65859375 0.0265625 0.0765625
0 0.509765625 0.643359375 0.02734375 0.0890625
0 0.182421875 0.59375 0.028125 0.0859375
0 0.122265625 0.65390625 0.03203125 0.09453125
0 0.076953125 0.599609375 0.03046875 0.0890625
0 0.1375 0.82265625 0.02734375 0.0828125
0 0.125390625 0.86640625 0.028125 0.090625
0 0.118359375 0.8140625 0.034375 0.10625
0 0.566796875 0.90625 0.03515625 0.09453125
0 0.905859375 0.80546875 0.0328125 0.0953125
