0 0.620703125 0.478125 0.03125 0.0859375
0 0.675 0.615234375 0.02578125 0.084375
0 0.641796875 0.701953125 0.02734375 0.08671875
0 0.712890625 0.8078125 0.03203125 0.096875
0 0.666015625 0.944921875 0.0390625 0.08671875
0 0.598046875 0.78046875 0.02890625 0.0875
2 0.6125 0.84921875 0.01171875 0.01640625
0 0.512890625 0.725 0.02890625 0.09140625
0 0.575 0.65703125 0.025 0.075
0 0.491015625 0.640234375 0.02578125 0.0875
0 0.813671875 0.59765625 0.02578125 0.084375
0 0.87265625 0.657421875 0.03046875 0.09296875
0 0.917578125 0.605078125 0.028125 0.08671875
0 0.8546875 0.823046875 0.025 0.08125
0 0.865234375 0.86640625 0.0265625 0.08984375
0 0.8734375 0.815234375 0.03203125 0.10390625
0 0.43046875 0.897265625 0.0328125 0.0921875
0 0.098046875 0.79296875 0.03046875 0.09375
