0 0.190625 0.592578125 0.0203125 0.078125
0 0.1671875 0.772265625 0.02109375 0.08671875
0 0.24453125 0.812890625 0.0203125 0.0765625
0 0.21015625 0.867578125 0.021875 0.0890625
0 0.26953125 0.920703125 0.02421875 0.08125
0 0.254296875 0.96484375 0.03046875 0.0703125
0 0.0140625 0.780859375 0.01875 0.0828125
0 0.0109375 0.9625 0.00625 0.075
0 0.359765625 0.873046875 0.02421875 0.09609375
0 0.381640625 0.7796875 0.01875 0.08984375
0 0.5765625 0.97265625 0.03046875 0.053125
0 0.7578125 0.8828125 0.02421875 0.09140625
