0 0.155078125 0.601171875 0.02265625 0.08046875
0 0.134765625 0.784375 0.02265625 0.08828125
0 0.2140625 0.82421875 0.021875 0.07890625
0 0.18046875 0.880859375 0.02421875 0.09140625
0 0.241015625 0.933984375 0.0265625 0.0828125
0 0.226953125 0.971484375 0.03203125 0.05703125
0 0.33203125 0.88359375 0.0265625 0.0984375
0 0.353125 0.78828125 0.02109375 0.0921875
0 0.555078125 0.976171875 0.03125 0.0453125
0 0.737890625 0.886328125 0.02578125 0.09375
2 0.994921875 0.654296875 0.01015625 0.02109375
