0 0.94453125 0.662109375 0.02265625 0.0609375
0 0.921484375 0.83125 0.02265625 0.06875
0 0.941796875 0.861328125 0.0171875 0.04453125
0 0.9375 0.91328125 0.02265625 0.06796875
0 0.79140625 0.937890625 0.021875 0.07265625
0 0.77890625 0.946484375 0.02109375 0.07578125
0 0.776171875 0.839453125 0.02109375 0.05859375
0 0.72421875 0.873046875 0.021875 0.06328125
0 0.69765625 0.862890625 0.021875 0.07109375
0 0.3296875 0.7578125 0.0203125 0.059375
2 0.17890625 0.84609375 0.009375 0.0171875
2 0.325390625 0.616796875 0.00703125 0.01640625
