0 0.838671875 0.955078125 0.02109375 0.075
0 0.93828125 0.98046875 0.01953125 0.02421875
0 0.95078125 0.968359375 0.015625 0.04765625
0 0.934375 0.6390625 0.01640625 0.06484375
0 0.910546875 0.81796875 0.0171875 0.06640625
0 0.9078125 0.875390625 0.0171875 0.0640625
0 0.928515625 0.9109375 0.01484375 0.07109375
0 0.74453125 0.9703125 0.0203125 0.05078125
0 0.75703125 0.83515625 0.01875 0.065625
0 0.706640625 0.880859375 0.0203125 0.06171875
0 0.657421875 0.912890625 0.01796875 0.075
0 0.290625 0.8421875 0.0234375 0.0671875
2 0.16640625 0.926953125 0.01015625 0.0171875
2 0.28203125 0.679296875 0.0078125 0.0140625
