0 0.84453125 0.9484375 0.02265625 0.0765625
0 0.94296875 0.98359375 0.0203125 0.0328125
0 0.957421875 0.971875 0.01796875 0.05625
0 0.958984375 0.63203125 0.01796875 0.06640625
0 0.925 0.8125 0.01953125 0.06796875
0 0.918359375 0.87109375 0.01796875 0.065625
0 0.9375 0.90859375 0.01640625 0.07265625
0 0.747265625 0.96640625 0.02265625 0.0671875
0 0.768359375 0.821875 0.0203125 0.0671875
0 0.71484375 0.866015625 0.021875 0.06328125
0 0.6625 0.895703125 0.01953125 0.0765625
0 0.29375 0.8046875 0.025 0.06953125
2 0.16328125 0.883984375 0.01015625 0.01796875
2 0.29375 0.638671875 0.00859375 0.0140625
