0 0.005078125 0.651171875 0.01015625 0.0625
0 0.032421875 0.833203125 0.015625 0.071875
0 0.041796875 0.896875 0.0140625 0.06015625
0 0.04453125 0.933984375 0.01875 0.0390625
0 0.03984375 0.968359375 0.0234375 0.06328125
0 0.009375 0.987890625 0.01875 0.0234375
0 0.233203125 0.851171875 0.0203125 0.06875
0 0.239453125 0.89453125 0.0171875 0.0609375
0 0.268359375 0.934765625 0.0171875 0.07578125
0 0.66484375 0.867578125 0.015625 0.065625
2 0.784765625 0.92890625 0.0078125 0.01875
2 0.662890625 0.6828125 0.00703125 0.0109375
