0 0.037890625 0.683203125 0.0203125 0.06015625
0 0.073046875 0.8578125 0.0203125 0.071875
0 0.08671875 0.9234375 0.01875 0.0609375
0 0.053125 0.966796875 0.0171875 0.06640625
0 0.0265625 0.993359375 0.0140625 0.01328125
0 0.01875 0.98046875 0.00625 0.0390625
0 0.276953125 0.86171875 0.0171875 0.0421875
0 0.27890625 0.909765625 0.01875 0.0609375
0 0.311328125 0.95234375 0.0171875 0.07421875
0 0.696875 0.861328125 0.01953125 0.071875
2 0.81640625 0.928515625 0.00859375 0.0171875
2 0.68984375 0.68984375 0.00859375 0.0125
