0 0.07265625 0.665625 0.0140625 0.06484375
0 0.0671875 0.8453125 0.01875 0.06875
0 0.076953125 0.90859375 0.01953125 0.0609375
0 0.05 0.996484375 0.0203125 0.00703125
0 0.01796875 0.986328125 0.0203125 0.02734375
0 0.01015625 0.956640625 0.00625 0.06796875
0 0.296875 0.932421875 0.01796875 0.07734375
0 0.264453125 0.92421875 0.0203125 0.071875
0 0.269921875 0.87109375 0.01875 0.05546875
0 0.686328125 0.840234375 0.0140625 0.075
2 0.814453125 0.9265625 0.00859375 0.0171875
2 0.6890625 0.683984375 0.009375 0.01328125
