0 0.091015625 0.619921875 0.0140625 0.0640625
0 0.080078125 0.797265625 0.01875 0.06796875
0 0.0875 0.860546875 0.01875 0.06015625
0 0.057421875 0.9671875 0.0203125 0.05
0 0.04453125 0.971484375 0.015625 0.04140625
0 0.024609375 0.956640625 0.02421875 0.07109375
0 0.01328125 0.907421875 0.0203125 0.06796875
0 0.303515625 0.89140625 0.01796875 0.0765625
0 0.271875 0.88203125 0.0203125 0.07109375
0 0.27890625 0.8296875 0.01875 0.05546875
0 0.690625 0.813671875 0.0140625 0.07421875
2 0.8140625 0.903125 0.00859375 0.01640625
2 0.698828125 0.659375 0.00859375 0.0125
