0 0.0875 0.99609375 0.01875 0.0078125
0 0.075390625 0.976953125 0.02265625 0.04609375
0 0.0484375 0.97109375 0.01875 0.0578125
0 0.070703125 0.930078125 0.01796875 0.046875
0 0.070703125 0.6296875 0.01640625 0.0625
0 0.106640625 0.815234375 0.01875 0.07109375
0 0.106640625 0.87734375 0.01875 0.0640625
0 0.30234375 0.915234375 0.02109375 0.0703125
0 0.305078125 0.831640625 0.0203125 0.0703125
0 0.3734375 0.91796875 0.02109375 0.075
0 0.72109375 0.797265625 0.0140625 0.05703125
2 0.84765625 0.892578125 0.00859375 0.0140625
2 0.722265625 0.6484375 0.00546875 0.01328125
