0 0.93203125 0.616796875 0.01953125 0.0578125
0 0.903125 0.805078125 0.01875 0.06796875
0 0.92265625 0.8609375 0.01953125 0.0609375
0 0.955859375 0.94765625 0.0234375 0.059375
0 0.89921875 0.968359375 0.01953125 0.0234375
0 0.854296875 0.95 0.021875 0.06484375
0 0.7890625 0.913671875 0.028125 0.075
0 0.731640625 0.823046875 0.0203125 0.06796875
0 0.69609375 0.902734375 0.0203125 0.071875
0 0.3375 0.834765625 0.01484375 0.06015625
2 0.220703125 0.91875 0.00625 0.01171875
2 0.32265625 0.682421875 0.00546875 0.01328125
