0 0.06640625 0.594921875 0.0234375 0.06171875
0 0.0859375 0.784375 0.02265625 0.07109375
0 0.068359375 0.84375 0.021875 0.0640625
0 0.031640625 0.93046875 0.02265625 0.0625
0 0.13359375 0.913671875 0.02578125 0.07109375
0 0.150390625 0.954296875 0.0234375 0.03515625
0 0.21796875 0.96484375 0.02109375 0.0265625
0 0.218359375 0.921875 0.0234375 0.0640625
0 0.2578125 0.808984375 0.02421875 0.0734375
0 0.31640625 0.894921875 0.02421875 0.07265625
0 0.65 0.837109375 0.01953125 0.0625
2 0.7609375 0.9234375 0.01015625 0.015625
