0 0.146875 0.6578125 0.01875 0.0625
0 0.156640625 0.979296875 0.02890625 0.04140625
0 0.2625 0.796484375 0.021875 0.0609375
2 0.273828125 0.82421875 0.0078125 0.0140625
0 0.408203125 0.9484375 0.02890625 0.065625
0 0.430078125 0.944921875 0.028125 0.065625
0 0.46328125 0.9859375 0.025 0.028125
0 0.4875 0.871875 0.0234375 0.06796875
0 0.553515625 0.82421875 0.02109375 0.0671875
0 0.673828125 0.76484375 0.01953125 0.06328125
0 0.655078125 0.940625 0.0234375 0.07421875
2 0.70703125 0.666015625 0.00859375 0.015625
2 0.841015625 0.8953125 0.0109375 0.0171875
