0 0.141796875 0.627734375 0.01640625 0.06171875
0 0.141015625 0.964453125 0.02578125 0.07109375
0 0.251953125 0.76953125 0.01953125 0.06015625
2 0.26171875 0.79765625 0.0078125 0.01328125
0 0.38359375 0.9890625 0.01875 0.021875
0 0.391015625 0.925 0.0265625 0.06484375
0 0.412890625 0.92265625 0.02578125 0.06484375
0 0.444140625 0.975 0.02421875 0.05
0 0.47265625 0.851953125 0.02109375 0.0671875
0 0.539453125 0.80703125 0.01796875 0.06640625
0 0.66171875 0.751953125 0.0171875 0.0625
0 0.636328125 0.926171875 0.02109375 0.0734375
2 0.69765625 0.65546875 0.00859375 0.01484375
2 0.822265625 0.8875 0.0109375 0.0171875
