0 0.171875 0.95390625 0.03984375 0.04140625
0 0.079296875 0.787109375 0.03828125 0.0921875
0 0.36171875 0.911328125 0.04453125 0.10703125
0 0.430078125 0.671875 0.03671875 0.10078125
2 0.5984375 0.288671875 0.0109375 0.01796875
0 0.5796875 0.909765625 0.03203125 0.1109375
0 0.65390625 0.8578125 0.0359375 0.10625
0 0.61796875 0.9875 0.0296875 0.025
0 0.692578125 0.98203125 0.04296875 0.0359375
0 0.7703125 0.95859375 0.0390625 0.0828125
0 0.760546875 0.885546875 0.03515625 0.109375
0 0.823828125 0.801953125 0.03359375 0.10078125
