0 0.72265625 0.908984375 0.034375 0.0953125
0 0.89765625 0.902734375 0.03828125 0.09140625
0 0.906640625 0.993359375 0.03359375 0.01328125
0 0.96875 0.376171875 0.02421875 0.06640625
0 0.958984375 0.70625 0.028125 0.10078125
0 0.415625 0.97421875 0.03046875 0.046875
0 0.402734375 0.688671875 0.0328125 0.10546875
0 0.26796875 0.874609375 0.03125 0.10703125
0 0.322265625 0.95 0.03046875 0.0890625
0 0.0234375 0.90390625 0.046875 0.0734375
0 0.074609375 0.947265625 0.03359375 0.07734375
0 0.0890625 0.858203125 0.034375 0.09921875
2 0.38046875 0.32109375 0.00703125 0.01875
