0 0.711328125 0.908203125 0.034375 0.096875
0 0.91640625 0.803125 0.0296875 0.08828125
0 0.969921875 0.823046875 0.015625 0.08671875
0 0.603515625 0.64921875 0.03125 0.090625
0 0.554296875 0.784765625 0.03125 0.09296875
0 0.549609375 0.98125 0.03671875 0.0375
0 0.505859375 0.961328125 0.03671875 0.07734375
0 0.329296875 0.973046875 0.03046875 0.03046875
0 0.227734375 0.95 0.034375 0.05859375
0 0.110546875 0.723828125 0.03203125 0.09453125
2 0.435546875 0.30390625 0.01015625 0.0140625
0 0.387890625 0.71484375 0.0375 0.0953125
