0 0.03671875 0.995703125 0.0296875 0.00859375
0 0.22109375 0.894921875 0.03203125 0.1046875
0 0.0140625 0.7671875 0.01328125 0.09375
0 0.351953125 0.619921875 0.02890625 0.09765625
0 0.397265625 0.769921875 0.028125 0.1
0 0.390625 0.981640625 0.0375 0.03671875
0 0.4390625 0.961328125 0.034375 0.07734375
0 0.628515625 0.98359375 0.03125 0.025
0 0.739453125 0.964453125 0.03359375 0.05546875
0 0.878125 0.729296875 0.02890625 0.1015625
2 0.5515625 0.255859375 0.01015625 0.01484375
0 0.580078125 0.703515625 0.03515625 0.1015625
