0 0.775 0.9203125 0.0421875 0.10703125
0 0.819921875 0.8328125 0.03125 0.11171875
0 0.90703125 0.67109375 0.03515625 0.10859375
0 0.5234375 0.709765625 0.03671875 0.11171875
2 0.394921875 0.752734375 0.0140625 0.021875
0 0.36015625 0.751953125 0.046875 0.10859375
0 0.410546875 0.8578125 0.03984375 0.12734375
0 0.505859375 0.966796875 0.03984375 0.06640625
0 0.258203125 0.932421875 0.04453125 0.09921875
0 0.226953125 0.937890625 0.0390625 0.08203125
0 0.13125 0.54765625 0.0328125 0.10078125
2 0.0203125 0.487109375 0.0109375 0.01484375
