0 0.769921875 0.962109375 0.02734375 0.05859375
0 0.778125 0.83671875 0.03671875 0.10625
0 0.812109375 0.743359375 0.02578125 0.11171875
0 0.879296875 0.571484375 0.0296875 0.10859375
0 0.50078125 0.65703125 0.03125 0.11171875
2 0.37734375 0.715625 0.0125 0.02109375
0 0.34296875 0.719140625 0.0421875 0.1078125
0 0.405859375 0.818359375 0.03359375 0.12734375
0 0.515625 0.941796875 0.03671875 0.11328125
0 0.2625 0.924609375 0.03984375 0.11875
0 0.232421875 0.941015625 0.03671875 0.11796875
0 0.08828125 0.543359375 0.028125 0.10078125
0 0.973046875 0.171484375 0.0265625 0.0921875
