0 0.191015625 0.98125 0.02421875 0.0375
0 0.176953125 0.871875 0.0328125 0.10078125
0 0.140234375 0.784765625 0.02265625 0.10546875
0 0.067578125 0.624609375 0.0265625 0.103125
0 0.430859375 0.687109375 0.02734375 0.10625
2 0.551171875 0.737109375 0.01171875 0.0203125
0 0.58359375 0.73828125 0.03828125 0.1015625
0 0.528515625 0.8359375 0.0296875 0.1203125
0 0.4296875 0.9515625 0.034375 0.096875
0 0.669921875 0.9296875 0.03515625 0.1125
0 0.6984375 0.94140625 0.0328125 0.1109375
0 0.816015625 0.55859375 0.025 0.0953125
2 0.92578125 0.508203125 0.009375 0.01328125
