2 0.017578125 0.61328125 0.0140625 0.0171875
0 0.13984375 0.967578125 0.034375 0.06484375
0 0.139453125 0.54375 0.028125 0.08125
0 0.21015625 0.701171875 0.02421875 0.0890625
0 0.226953125 0.665625 0.0265625 0.0859375
0 0.285546875 0.981640625 0.03828125 0.03671875
0 0.346875 0.981640625 0.0328125 0.03671875
0 0.296875 0.893359375 0.0390625 0.09921875
0 0.352734375 0.86171875 0.03203125 0.0953125
0 0.44921875 0.754296875 0.03125 0.096875
0 0.4875 0.72734375 0.034375 0.1046875
0 0.5890625 0.619921875 0.0234375 0.103125
0 0.688671875 0.971484375 0.03515625 0.05703125
0 0.759375 0.94765625 0.0359375 0.1046875
2 0.966015625 0.154296875 0.009375 0.0125
0 0.11484375 0.20546875 0.0171875 0.08125
