2 0.98359375 0.65859375 0.00703125 0.0203125
0 0.82265625 0.989453125 0.0421875 0.02109375
0 0.869140625 0.57578125 0.03828125 0.0875
0 0.778515625 0.73125 0.03515625 0.0953125
0 0.76484375 0.692578125 0.0375 0.09140625
0 0.6703125 0.99609375 0.0421875 0.0078125
0 0.6078125 0.99296875 0.0375 0.0140625
0 0.66796875 0.920703125 0.0515625 0.10703125
0 0.613671875 0.881640625 0.04375 0.10234375
0 0.52578125 0.760546875 0.04296875 0.10390625
0 0.4890625 0.727734375 0.046875 0.11171875
0 0.395703125 0.605859375 0.0359375 0.109375
0 0.2546875 0.953515625 0.04140625 0.05078125
0 0.184375 0.920703125 0.04765625 0.1
2 0.05625 0.082421875 0.0109375 0.0140625
0 0.93125 0.228125 0.0265625 0.08671875
