0 0.981640625 0.969921875 0.03046875 0.04453125
0 0.93515625 0.68828125 0.03203125 0.09765625
0 0.810546875 0.860546875 0.03125 0.1140625
0 0.760546875 0.90625 0.034375 0.1171875
0 0.703125 0.988671875 0.0296875 0.01640625
0 0.691796875 0.9796875 0.01796875 0.034375
0 0.67265625 0.862890625 0.03515625 0.1140625
0 0.798046875 0.63515625 0.02265625 0.09765625
0 0.80234375 0.47734375 0.025 0.1
0 0.56171875 0.72890625 0.03359375 0.1171875
0 0.268359375 0.601953125 0.0296875 0.11484375
0 0.80078125 0.098828125 0.02109375 0.0859375
