0 0.012109375 0.938671875 0.02421875 0.07421875
0 0.062109375 0.658984375 0.03359375 0.09296875
0 0.173828125 0.825 0.0328125 0.10859375
0 0.21953125 0.869921875 0.0359375 0.11171875
0 0.2703125 0.965234375 0.03046875 0.04765625
0 0.28125 0.95703125 0.01953125 0.06484375
0 0.304296875 0.83203125 0.03671875 0.10859375
0 0.193359375 0.61328125 0.02421875 0.0921875
0 0.19453125 0.46484375 0.0265625 0.09453125
0 0.41328125 0.709375 0.0359375 0.11171875
0 0.72265625 0.99140625 0.034375 0.0171875
0 0.96796875 0.971484375 0.01875 0.05703125
0 0.694140625 0.599609375 0.03125 0.109375
0 0.2078125 0.10859375 0.02265625 0.08203125
