0 0.238671875 0.83046875 0.08515625 0.05078125
0 0.277734375 0.748828125 0.03359375 0.1234375
0 0.009375 0.42109375 0.01875 0.121875
0 0.09921875 0.37578125 0.03203125 0.12265625
0 0.1453125 0.425390625 0.03203125 0.12265625
0 0.014453125 0.238671875 0.02890625 0.11015625
0 0.097265625 0.20546875 0.03828125 0.1046875
0 0.044140625 0.06796875 0.0390625 0.1015625
0 0.352734375 0.01796875 0.02890625 0.02734375
0 0.388671875 0.019921875 0.03125 0.03359375
0 0.53671875 0.157421875 0.0296875 0.10546875
