0 0.24765625 0.864453125 0.0859375 0.05234375
0 0.28515625 0.782421875 0.0359375 0.12421875
0 0.0109375 0.458984375 0.021875 0.12265625
0 0.100390625 0.412109375 0.034375 0.12265625
0 0.14765625 0.4609375 0.034375 0.12265625
0 0.0140625 0.276953125 0.028125 0.11015625
0 0.0953125 0.241796875 0.03984375 0.10546875
0 0.03984375 0.10546875 0.04140625 0.10234375
0 0.269140625 0.026171875 0.025 0.03125
0 0.346484375 0.035546875 0.03125 0.0578125
0 0.3828125 0.03671875 0.03359375 0.06328125
0 0.533984375 0.186328125 0.03125 0.10625
