0 0.773828125 0.799609375 0.08515625 0.05390625
0 0.7265625 0.725390625 0.03984375 0.121875
0 0.98828125 0.679296875 0.0234375 0.12421875
0 0.9515625 0.375390625 0.0328125 0.1203125
0 0.855078125 0.3421875 0.0375 0.1203125
0 0.81640625 0.395703125 0.0375 0.1203125
0 0.922265625 0.19921875 0.0359375 0.1078125
0 0.83671875 0.176953125 0.04296875 0.10390625
0 0.871875 0.04375 0.04375 0.0875
0 0.640234375 0.003515625 0.02421875 0.00703125
0 0.566015625 0.019921875 0.03203125 0.03984375
0 0.531640625 0.02421875 0.03359375 0.0484375
0 0.4046875 0.182421875 0.034375 0.10390625
