0 0.6046875 0.88828125 0.0265625 0.0953125
2 0.793359375 0.897265625 0.0125 0.0203125
0 0.81875 0.85859375 0.03515625 0.0921875
0 0.7953125 0.80390625 0.0359375 0.115625
0 0.54140625 0.747265625 0.02890625 0.1109375
0 0.64140625 0.612109375 0.03125 0.09453125
0 0.7171875 0.57734375 0.028125 0.09453125
0 0.969140625 0.69296875 0.0234375 0.08515625
0 0.979296875 0.64375 0.02890625 0.0859375
0 0.397265625 0.96015625 0.02734375 0.0796875
0 0.456640625 0.80234375 0.02578125 0.10859375
0 0.0171875 0.846875 0.02421875 0.11015625
