0 0.43515625 0.898828125 0.0296875 0.09453125
2 0.251171875 0.9203125 0.0125 0.0203125
0 0.2234375 0.884375 0.0375 0.09140625
0 0.24296875 0.829296875 0.0390625 0.11484375
0 0.487890625 0.756640625 0.03203125 0.11015625
0 0.38046875 0.630078125 0.03359375 0.09375
0 0.30390625 0.601953125 0.03046875 0.09375
0 0.064453125 0.73203125 0.02578125 0.084375
0 0.0515625 0.684375 0.03203125 0.08515625
0 0.018359375 0.673046875 0.0234375 0.0859375
0 0.64375 0.9546875 0.0296875 0.078125
0 0.574609375 0.804296875 0.0296875 0.10703125
0 0.997265625 0.817578125 0.00546875 0.10859375
