0 0.415234375 0.89609375 0.0375 0.10546875
2 0.2109375 0.8875 0.01484375 0.0234375
0 0.187109375 0.843359375 0.046875 0.10234375
0 0.217578125 0.7859375 0.04921875 0.128125
0 0.496875 0.74921875 0.04140625 0.12265625
0 0.401953125 0.592578125 0.0421875 0.1046875
0 0.3234375 0.548046875 0.0390625 0.1046875
0 0.040234375 0.649609375 0.03359375 0.09453125
0 0.034375 0.594921875 0.03984375 0.0953125
0 0.007421875 0.576953125 0.01484375 0.09609375
0 0.633203125 0.97421875 0.03515625 0.0515625
0 0.583203125 0.81640625 0.03828125 0.11953125
