0 0.802734375 0.926171875 0.034375 0.090625
0 0.830078125 0.768359375 0.03515625 0.11015625
0 0.866015625 0.775 0.0328125 0.1203125
0 0.901953125 0.88984375 0.04296875 0.121875
0 0.99453125 0.905859375 0.0109375 0.08828125
0 0.977734375 0.39765625 0.03125 0.103125
0 0.9234375 0.032421875 0.03125 0.06484375
0 0.647265625 0.512890625 0.03515625 0.1109375
0 0.479296875 0.6640625 0.03515625 0.11015625
0 0.462109375 0.96953125 0.03671875 0.0609375
0 0.433203125 0.946484375 0.03671875 0.10703125
0 0.23046875 0.736328125 0.053125 0.1109375
2 0.030859375 0.101171875 0.01015625 0.0140625
