0 0.088671875 0.8984375 0.04765625 0.1140625
0 0.1109375 0.87421875 0.03671875 0.1171875
0 0.190234375 0.951171875 0.04296875 0.09765625
0 0.240234375 0.658203125 0.046875 0.08671875
0 0.298828125 0.603125 0.034375 0.07265625
0 0.27734375 0.965625 0.053125 0.06875
0 0.564453125 0.628515625 0.034375 0.10078125
0 0.571484375 0.583984375 0.02890625 0.09296875
2 0.7046875 0.69296875 0.0171875 0.0265625
0 0.72421875 0.845703125 0.04765625 0.11953125
0 0.878125 0.765625 0.0515625 0.11640625
0 0.762109375 0.355078125 0.0328125 0.1
2 0.840625 0.26171875 0.01015625 0.01875
