0 0.99453125 0.775390625 0.0109375 0.12265625
0 0.94609375 0.88203125 0.04453125 0.12265625
0 0.8296875 0.583203125 0.0484375 0.090625
0 0.758203125 0.539453125 0.0359375 0.075
0 0.860546875 0.91796875 0.0546875 0.096875
0 0.49296875 0.623046875 0.0359375 0.1046875
0 0.47578125 0.5796875 0.03046875 0.096875
2 0.363671875 0.71953125 0.01796875 0.02734375
0 0.37734375 0.879296875 0.04921875 0.125
0 0.202734375 0.83125 0.05390625 0.121875
0 0.23203125 0.38671875 0.03359375 0.1046875
2 0.132421875 0.30859375 0.0109375 0.01953125
