0 0.314453125 0.965625 0.03515625 0.06875
0 0.25234375 0.823828125 0.03671875 0.11484375
0 0.2171875 0.837890625 0.034375 0.12578125
0 0.205859375 0.949609375 0.04453125 0.10078125
0 0.101953125 0.978125 0.03671875 0.04375
0 0.021875 0.47734375 0.0328125 0.10703125
0 0.006640625 0.0875 0.01328125 0.0765625
0 0.383203125 0.523046875 0.0375 0.11640625
0 0.5875 0.641015625 0.03671875 0.11484375
0 0.670703125 0.95234375 0.0375 0.06796875
0 0.696875 0.923046875 0.0375 0.11953125
0 0.856640625 0.661328125 0.0546875 0.115625
