0 0.901171875 0.723046875 0.0421875 0.1140625
0 0.889453125 0.50078125 0.03203125 0.09140625
2 0.890234375 0.559375 0.01171875 0.0234375
0 0.825390625 0.807421875 0.03671875 0.11171875
0 0.89921875 0.909765625 0.028125 0.1171875
0 0.8140625 0.93203125 0.03359375 0.115625
0 0.599609375 0.553125 0.040625 0.1046875
0 0.460546875 0.489453125 0.03671875 0.1
0 0.55 0.775 0.03828125 0.10390625
0 0.494921875 0.85625 0.0296875 0.1140625
0 0.408203125 0.73515625 0.02734375 0.1015625
0 0.394140625 0.907421875 0.03671875 0.1078125
0 0.15 0.401953125 0.0265625 0.1
2 0.065625 0.282421875 0.0109375 0.01640625
