0 0.033203125 0.714453125 0.04140625 0.1171875
0 0.04140625 0.4859375 0.03125 0.09375
2 0.04140625 0.54609375 0.01171875 0.02421875
0 0.112109375 0.800390625 0.0359375 0.1140625
0 0.038671875 0.907421875 0.02734375 0.12109375
0 0.1265625 0.93125 0.0328125 0.125
0 0.339453125 0.534375 0.03984375 0.10703125
0 0.481640625 0.466015625 0.0359375 0.103125
0 0.39453125 0.76171875 0.0375 0.10703125
0 0.453125 0.84453125 0.02890625 0.1171875
0 0.539453125 0.718359375 0.0265625 0.10390625
0 0.55703125 0.895703125 0.03515625 0.1109375
0 0.798828125 0.3703125 0.025 0.103125
2 0.8828125 0.24609375 0.0109375 0.0171875
