0 0.9140625 0.765625 0.0453125 0.11796875
0 0.921875 0.537109375 0.034375 0.09453125
2 0.917578125 0.596875 0.0125 0.025
0 0.82890625 0.845703125 0.03984375 0.115625
0 0.8953125 0.9484375 0.03125 0.103125
0 0.80625 0.95625 0.0359375 0.0875
0 0.62109375 0.56484375 0.04375 0.1078125
0 0.484375 0.48671875 0.03984375 0.10390625
0 0.550390625 0.787890625 0.04140625 0.1078125
0 0.486328125 0.86640625 0.0328125 0.11796875
0 0.40859375 0.734375 0.03046875 0.1046875
0 0.37890625 0.91015625 0.0390625 0.11171875
0 0.17421875 0.36953125 0.02890625 0.103125
2 0.098828125 0.2390625 0.01171875 0.0171875
