0 0.884765625 0.9140625 0.04921875 0.1109375
0 0.9015625 0.786328125 0.04453125 0.1171875
0 0.86484375 0.798046875 0.034375 0.10390625
0 0.79296875 0.725 0.0375 0.10546875
0 0.741015625 0.48515625 0.03984375 0.11328125
0 0.716015625 0.80703125 0.04375 0.10625
0 0.64765625 0.534375 0.03828125 0.11640625
0 0.676171875 0.718359375 0.0390625 0.09609375
0 0.666796875 0.923046875 0.046875 0.11015625
0 0.51328125 0.380078125 0.040625 0.109375
0 0.400390625 0.673046875 0.0359375 0.07734375
0 0.421875 0.728125 0.06171875 0.08828125
0 0.40625 0.81796875 0.0390625 0.08125
0 0.162109375 0.819140625 0.05234375 0.08984375
2 0.175 0.869140625 0.01640625 0.025
