0 0.834765625 0.962109375 0.04453125 0.07578125
0 0.868359375 0.850390625 0.040625 0.121875
0 0.82890625 0.858203125 0.03046875 0.10859375
0 0.76328125 0.772265625 0.03359375 0.11015625
0 0.73984375 0.51484375 0.0359375 0.11796875
0 0.672265625 0.848046875 0.03984375 0.1109375
0 0.6359375 0.5546875 0.03359375 0.121875
0 0.642578125 0.750390625 0.0359375 0.1
0 0.607421875 0.95234375 0.04296875 0.0953125
0 0.516015625 0.37578125 0.03671875 0.1140625
0 0.360546875 0.667578125 0.03359375 0.08046875
0 0.376171875 0.727734375 0.06015625 0.08984375
0 0.348046875 0.819921875 0.03671875 0.08359375
0 0.09375 0.789453125 0.05078125 0.0921875
2 0.101171875 0.844140625 0.01640625 0.02578125
