0 0.20546875 0.957421875 0.05 0.08515625
0 0.165625 0.845703125 0.04609375 0.1203125
0 0.2046875 0.85078125 0.03515625 0.10703125
0 0.26484375 0.763671875 0.0390625 0.10859375
0 0.27421875 0.511328125 0.040625 0.11640625
0 0.3578125 0.833203125 0.0453125 0.109375
0 0.378125 0.5453125 0.0390625 0.11953125
0 0.38203125 0.736328125 0.03984375 0.09921875
0 0.428125 0.941796875 0.0484375 0.11328125
0 0.48671875 0.364453125 0.0421875 0.11328125
0 0.653515625 0.641015625 0.03671875 0.0796875
0 0.64140625 0.700390625 0.06328125 0.090625
0 0.6734375 0.788671875 0.03984375 0.08359375
0 0.92109375 0.74609375 0.0546875 0.0921875
2 0.916796875 0.799609375 0.0171875 0.02578125
