0 0.8890625 0.86328125 0.040625 0.13984375
0 0.725 0.975 0.0359375 0.05
0 0.77265625 0.897265625 0.0390625 0.13046875
0 0.849609375 0.617578125 0.059375 0.1390625
0 0.583203125 0.926953125 0.03828125 0.13984375
0 0.37734375 0.866015625 0.040625 0.125
0 0.148046875 0.9453125 0.03828125 0.075
0 0.372265625 0.634375 0.0390625 0.125
0 0.310546875 0.5875 0.0484375 0.1046875
0 0.653515625 0.455859375 0.03984375 0.11484375
0 0.3265625 0.18046875 0.03125 0.11875
2 0.017578125 0.3796875 0.01171875 0.01875
