0 0.832421875 0.8421875 0.0359375 0.1296875
0 0.680859375 0.962890625 0.03359375 0.07421875
0 0.72421875 0.87578125 0.034375 0.12109375
0 0.791796875 0.6140625 0.053125 0.12890625
0 0.54765625 0.90625 0.03359375 0.1296875
0 0.353515625 0.852734375 0.0359375 0.115625
0 0.140234375 0.9421875 0.03515625 0.0921875
0 0.344921875 0.6375 0.03515625 0.115625
0 0.28671875 0.59453125 0.04375 0.096875
0 0.605859375 0.46640625 0.03515625 0.10625
0 0.993359375 0.459765625 0.01328125 0.11484375
0 0.2953125 0.215234375 0.02734375 0.1109375
2 0.009765625 0.405859375 0.0109375 0.0171875
