0 0.18515625 0.86484375 0.0390625 0.13203125
0 0.340625 0.9734375 0.034375 0.053125
0 0.295703125 0.896875 0.03671875 0.12421875
0 0.22265625 0.63203125 0.05625 0.13203125
0 0.47578125 0.925 0.03671875 0.13203125
0 0.671875 0.8671875 0.0390625 0.11875
0 0.88984375 0.94375 0.03671875 0.07421875
0 0.6765625 0.648046875 0.0375 0.11875
0 0.735546875 0.603125 0.04609375 0.1
0 0.408984375 0.478515625 0.0375 0.10859375
0 0.0109375 0.47890625 0.021875 0.1171875
0 0.719921875 0.217578125 0.0296875 0.11328125
