0 0.13359375 0.606640625 0.04140625 0.12109375
0 0.2234375 0.934765625 0.053125 0.08203125
0 0.270703125 0.94140625 0.046875 0.078125
0 0.315234375 0.778125 0.05 0.13203125
0 0.38125 0.943359375 0.053125 0.096875
0 0.45859375 0.80078125 0.053125 0.13203125
0 0.37109375 0.54375 0.0453125 0.12734375
0 0.212109375 0.50703125 0.05625 0.1296875
2 0.20703125 0.555859375 0.01640625 0.0265625
0 0.26796875 0.363671875 0.0453125 0.109375
0 0.67890625 0.48203125 0.0484375 0.153125
0 0.601171875 0.773046875 0.0421875 0.13125
0 0.718359375 0.795703125 0.04453125 0.12578125
0 0.78203125 0.85859375 0.0453125 0.1203125
