0 0.8328125 0.725 0.03515625 0.10625
0 0.700390625 0.97890625 0.04453125 0.0421875
0 0.658203125 0.978515625 0.03984375 0.04296875
0 0.646875 0.84296875 0.0421875 0.115625
0 0.562109375 0.966015625 0.04453125 0.06796875
0 0.51875 0.837890625 0.0453125 0.115625
0 0.6375 0.63046875 0.03828125 0.11171875
0 0.781640625 0.625390625 0.04765625 0.1140625
2 0.777734375 0.66875 0.0140625 0.02265625
0 0.757421875 0.491796875 0.03828125 0.09609375
0 0.38125 0.525390625 0.040625 0.13515625
0 0.4 0.790234375 0.03515625 0.11484375
0 0.29453125 0.78984375 0.0375 0.11015625
0 0.22890625 0.83359375 0.03828125 0.10546875
