0 0.947265625 0.63515625 0.03828125 0.12109375
0 0.85546875 0.84140625 0.0375 0.08828125
0 0.848046875 0.928515625 0.04453125 0.12734375
0 0.715234375 0.990625 0.04453125 0.01875
0 0.734375 0.866015625 0.04375 0.12421875
0 0.763671875 0.7125 0.04609375 0.115625
0 0.659765625 0.7609375 0.04453125 0.121875
2 0.646875 0.80546875 0.0140625 0.03203125
0 0.619921875 0.80546875 0.040625 0.1140625
0 0.6125 0.742578125 0.046875 0.12421875
0 0.461328125 0.82734375 0.04140625 0.1140625
2 0.20546875 0.083203125 0.01328125 0.0203125
0 0.271484375 0.223046875 0.03359375 0.08671875
0 0.63984375 0.9703125 0.0359375 0.059375
