0 0.041015625 0.514453125 0.040625 0.1359375
0 0.0984375 0.7625 0.040625 0.09921875
0 0.0875 0.86015625 0.046875 0.14296875
0 0.2171875 0.962890625 0.04765625 0.03203125
0 0.225390625 0.815625 0.04609375 0.1390625
0 0.226171875 0.639453125 0.05 0.1296875
0 0.3296875 0.715625 0.04765625 0.1359375
2 0.334765625 0.7671875 0.01484375 0.0359375
0 0.364453125 0.773046875 0.04296875 0.12734375
0 0.3859375 0.70546875 0.05 0.13984375
0 0.53359375 0.831640625 0.04375 0.12734375
2 0.973828125 0.0640625 0.01484375 0.02265625
0 0.871875 0.204296875 0.0359375 0.096875
0 0.305859375 0.951953125 0.0375 0.06796875
