0 0.967578125 0.810546875 0.03671875 0.1
0 0.9734375 0.9109375 0.04140625 0.1453125
0 0.833984375 0.8578125 0.040625 0.14140625
0 0.842578125 0.677734375 0.04453125 0.13125
0 0.732421875 0.75 0.0421875 0.13828125
2 0.72421875 0.80234375 0.0140625 0.03671875
0 0.694140625 0.80703125 0.03828125 0.1296875
0 0.675 0.73671875 0.04375 0.14140625
0 0.51640625 0.8578125 0.0390625 0.1296875
2 0.105859375 0.048828125 0.0140625 0.02265625
0 0.203125 0.197265625 0.03203125 0.0984375
0 0.743359375 0.97578125 0.03359375 0.0328125
