0 0.170703125 0.605078125 0.0671875 0.25234375
0 0.04453125 0.06796875 0.0640625 0.1359375
0 0.104296875 0.032421875 0.04609375 0.06484375
0 0.22890625 0.066015625 0.04375 0.13203125
0 0.31953125 0.072265625 0.0578125 0.14453125
0 0.418359375 0.024609375 0.05546875 0.04921875
0 0.380078125 0.080859375 0.04140625 0.16171875
0 0.447265625 0.07734375 0.04921875 0.1546875
0 0.548828125 0.0796875 0.0390625 0.15703125
0 0.5671875 0.126953125 0.04609375 0.18984375
0 0.621484375 0.116796875 0.06328125 0.18046875
