0 0.85546875 0.587890625 0.06953125 0.2296875
0 0.33046875 0.09609375 0.05703125 0.1640625
0 0.380859375 0.093359375 0.04921875 0.16875
0 0.375 0.080078125 0.065625 0.1421875
0 0.483203125 0.1296875 0.05390625 0.17890625
0 0.495703125 0.080078125 0.05234375 0.16015625
0 0.5953125 0.08046875 0.0484375 0.1609375
0 0.6375 0.04609375 0.06875 0.0921875
0 0.728125 0.0625 0.0703125 0.125
0 0.712109375 0.069140625 0.06953125 0.13828125
0 0.87421875 0.070703125 0.0859375 0.14140625
0 0.93046875 0.048828125 0.059375 0.09765625
0 0.95 0.0609375 0.025 0.121875
