0 0.93125 0.7171875 0.08125 0.19375
0 0.404296875 0.084375 0.03671875 0.16875
0 0.390625 0.064453125 0.034375 0.12890625
0 0.471875 0.06953125 0.034375 0.1390625
0 0.505078125 0.075390625 0.05234375 0.15078125
0 0.6109375 0.07421875 0.034375 0.1453125
0 0.681640625 0.08125 0.028125 0.15703125
0 0.719140625 0.0953125 0.03984375 0.18046875
0 0.768359375 0.109375 0.0609375 0.16640625
0 0.8125 0.08359375 0.05390625 0.15703125
0 0.8484375 0.07265625 0.0609375 0.134375
0 0.930859375 0.078515625 0.040625 0.14296875
