0 0.96875 0.706640625 0.0625 0.209375
0 0.396875 0.06171875 0.0359375 0.1234375
0 0.382421875 0.040234375 0.034375 0.0796875
0 0.470703125 0.044921875 0.034375 0.0890625
0 0.505859375 0.05078125 0.05390625 0.1015625
0 0.620703125 0.04765625 0.03515625 0.0953125
0 0.696875 0.05390625 0.028125 0.1078125
0 0.737890625 0.06640625 0.03984375 0.1328125
0 0.790625 0.06953125 0.0625 0.1390625
0 0.838671875 0.05390625 0.05546875 0.1078125
0 0.878125 0.041796875 0.0640625 0.0828125
0 0.9671875 0.046484375 0.04140625 0.0921875
