0 0.866796875 0.69140625 0.06328125 0.20078125
0 0.29375 0.048828125 0.0375 0.09140625
0 0.308203125 0.074609375 0.03671875 0.14375
0 0.38046875 0.0765625 0.05625 0.15
0 0.473046875 0.08359375 0.0328125 0.159375
0 0.48984375 0.06875 0.04375 0.1375
0 0.603515625 0.06328125 0.03203125 0.1265625
0 0.641796875 0.071875 0.02890625 0.14375
0 0.710546875 0.066796875 0.03515625 0.13359375
0 0.755078125 0.062109375 0.03984375 0.12421875
0 0.810546875 0.064453125 0.06796875 0.12890625
0 0.941796875 0.0546875 0.04609375 0.109375
