0 0.8546875 0.721484375 0.0671875 0.19375
0 0.34921875 0.057421875 0.040625 0.11484375
0 0.36328125 0.085546875 0.04140625 0.1640625
0 0.430859375 0.09296875 0.0609375 0.1671875
0 0.51875 0.116015625 0.03671875 0.153125
0 0.53671875 0.0875 0.04765625 0.16640625
0 0.64609375 0.08671875 0.03671875 0.1609375
0 0.6828125 0.09765625 0.03515625 0.1765625
0 0.6640625 0.01484375 0.04453125 0.01640625
0 0.748046875 0.096484375 0.040625 0.16875
0 0.791015625 0.09453125 0.04453125 0.1609375
0 0.84375 0.1 0.07109375 0.16796875
0 0.9703125 0.098046875 0.05 0.15
