0 0.12109375 0.75625 0.06953125 0.1875
0 0.658984375 0.041015625 0.05078125 0.08203125
0 0.661328125 0.073046875 0.06640625 0.14609375
0 0.600390625 0.08671875 0.05859375 0.1734375
0 0.5328125 0.084375 0.065625 0.16875
0 0.42421875 0.091015625 0.05234375 0.17421875
0 0.2828125 0.09609375 0.08515625 0.1625
0 0.28203125 0.1078125 0.04453125 0.18203125
0 0.194921875 0.02890625 0.04296875 0.0125
0 0.205859375 0.10546875 0.0421875 0.1640625
0 0.16953125 0.105859375 0.0640625 0.1609375
0 0.11328125 0.108984375 0.065625 0.1578125
