0 0.84296875 0.731640625 0.0671875 0.18046875
0 0.321484375 0.03984375 0.04921875 0.0796875
0 0.31875 0.070703125 0.0640625 0.14140625
0 0.37890625 0.083984375 0.05703125 0.16796875
0 0.44375 0.081640625 0.0640625 0.16328125
0 0.549609375 0.087109375 0.05078125 0.17109375
0 0.68671875 0.0921875 0.0828125 0.16015625
0 0.687109375 0.103515625 0.04375 0.17890625
0 0.77109375 0.02734375 0.04140625 0.0140625
0 0.7609375 0.101171875 0.040625 0.16171875
0 0.79609375 0.1015625 0.0625 0.15859375
0 0.85078125 0.1046875 0.0640625 0.15546875
