0 0.111328125 0.735546875 0.08515625 0.1734375
0 0.6984375 0.265625 0.04921875 0.16953125
0 0.673828125 0.1984375 0.0546875 0.1421875
0 0.553125 0.216796875 0.0515625 0.171875
0 0.4453125 0.021484375 0.0515625 0.04296875
0 0.380859375 0.154296875 0.0578125 0.15
0 0.332421875 0.153125 0.046875 0.178125
0 0.29609375 0.142578125 0.0484375 0.15078125
0 0.23984375 0.176953125 0.04453125 0.175
0 0.19765625 0.12421875 0.0578125 0.1515625
0 0.136328125 0.14765625 0.05078125 0.171875
0 0.05625 0.1375 0.06640625 0.13671875
