0 0.10859375 0.714453125 0.07578125 0.16015625
0 0.63125 0.25 0.04296875 0.15625
0 0.6046875 0.188671875 0.0484375 0.13125
0 0.49375 0.21171875 0.0453125 0.159375
0 0.383984375 0.028515625 0.04765625 0.05390625
0 0.33046875 0.16171875 0.0515625 0.13828125
0 0.285546875 0.16328125 0.040625 0.16484375
0 0.251171875 0.15546875 0.04296875 0.13984375
0 0.20078125 0.190234375 0.0390625 0.16171875
0 0.158984375 0.14296875 0.0515625 0.13984375
0 0.103125 0.168359375 0.04453125 0.159375
0 0.02890625 0.162109375 0.0578125 0.12578125
