0 0.88125 0.717578125 0.07421875 0.15703125
0 0.3515625 0.2796875 0.0421875 0.15390625
0 0.375 0.218359375 0.04765625 0.12890625
0 0.48515625 0.2375 0.04453125 0.15625
0 0.58671875 0.03984375 0.046875 0.0796875
0 0.644140625 0.182421875 0.05078125 0.1359375
0 0.68828125 0.182421875 0.03984375 0.16171875
0 0.721875 0.173828125 0.0421875 0.1375
0 0.77265625 0.20625 0.03828125 0.159375
0 0.812109375 0.15859375 0.05078125 0.1375
0 0.86796875 0.180859375 0.04375 0.15625
0 0.94140625 0.17265625 0.05859375 0.1234375
