0 0.13125 0.64765625 0.0296875 0.20703125
0 0.24921875 0.478125 0.046875 0.159375
0 0.2140625 0.486328125 0.04140625 0.1546875
0 0.153515625 0.515625 0.0375 0.1625
0 0.076953125 0.440625 0.05 0.1625
0 0.00234375 0.393359375 0.0046875 0.1578125
0 0.17578125 0.165234375 0.0609375 0.1390625
0 0.118359375 0.050390625 0.04296875 0.10078125
0 0.762890625 0.18125 0.0640625 0.13515625
0 0.696875 0.253125 0.0640625 0.14375
0 0.73828125 0.58671875 0.0828125 0.1515625
2 0.979296875 0.55234375 0.0234375 0.028125
