0 0.29453125 0.946484375 0.0375 0.10703125
0 0.164453125 0.68828125 0.04453125 0.14609375
0 0.12578125 0.5765625 0.04921875 0.125
0 0.31015625 0.715625 0.03515625 0.14140625
0 0.333984375 0.6328125 0.03671875 0.146875
0 0.394921875 0.753125 0.040625 0.14140625
0 0.0359375 0.234765625 0.034375 0.11328125
0 0.273046875 0.30390625 0.03828125 0.134375
0 0.36640625 0.2546875 0.03828125 0.13671875
0 0.494921875 0.458984375 0.0359375 0.12734375
0 0.36875 0.48671875 0.0359375 0.134375
0 0.872265625 0.584375 0.04375 0.134375
0 0.756640625 0.19375 0.03359375 0.11171875
0 0.8015625 0.035546875 0.0328125 0.07109375
