0 0.196484375 0.826953125 0.0453125 0.15234375
0 0.09296875 0.529296875 0.05078125 0.15
0 0.066015625 0.411328125 0.0546875 0.12890625
0 0.2375 0.57265625 0.040625 0.14453125
0 0.2703125 0.491015625 0.04296875 0.15078125
0 0.319921875 0.61953125 0.04609375 0.1453125
0 0.24375 0.15078125 0.04453125 0.13828125
0 0.34375 0.1109375 0.04375 0.140625
0 0.45234375 0.331640625 0.04140625 0.13046875
0 0.320703125 0.34609375 0.0421875 0.1375
0 0.820703125 0.498828125 0.05 0.13828125
0 0.745703125 0.090625 0.0390625 0.11484375
