0 0.7921875 0.847265625 0.03984375 0.14296875
0 0.89453125 0.566796875 0.0453125 0.140625
0 0.922265625 0.45625 0.04921875 0.12109375
0 0.75703125 0.605859375 0.0359375 0.13671875
0 0.727734375 0.528515625 0.0375 0.1421875
0 0.67890625 0.648828125 0.04140625 0.13671875
0 0.973046875 0.11953125 0.02109375 0.10703125
0 0.75859375 0.20703125 0.03984375 0.1296875
0 0.664453125 0.16796875 0.0390625 0.1328125
0 0.558203125 0.375 0.03671875 0.1234375
0 0.68203125 0.390625 0.0375 0.1296875
0 0.20703125 0.5265625 0.04453125 0.13046875
0 0.28515625 0.1421875 0.034375 0.10859375
