0 0.132421875 0.475390625 0.03515625 0.1171875
0 0.069921875 0.150390625 0.025 0.0984375
0 0.428515625 0.26640625 0.0265625 0.1125
0 0.47109375 0.161328125 0.021875 0.0953125
0 0.64140625 0.29296875 0.03046875 0.11015625
0 0.559765625 0.0390625 0.028125 0.078125
2 0.784765625 0.615234375 0.0140625 0.025
0 0.8921875 0.571484375 0.025 0.1203125
0 0.680859375 0.658984375 0.0421875 0.12578125
0 0.766015625 0.50703125 0.04375 0.10859375
0 0.747265625 0.5 0.0359375 0.11015625
0 0.628125 0.57265625 0.0484375 0.13125
