0 0.86484375 0.46484375 0.03828125 0.12265625
0 0.923828125 0.123828125 0.02734375 0.103125
0 0.55234375 0.251953125 0.0296875 0.11875
0 0.505859375 0.1421875 0.025 0.1
0 0.33046875 0.283203125 0.034375 0.115625
0 0.411328125 0.029296875 0.03046875 0.05625
2 0.187109375 0.623046875 0.01484375 0.0265625
0 0.07421875 0.579296875 0.02734375 0.1265625
0 0.29609375 0.6671875 0.04609375 0.1328125
0 0.2046875 0.509765625 0.04765625 0.1140625
0 0.223828125 0.5015625 0.03984375 0.115625
0 0.349609375 0.576171875 0.053125 0.13828125
