0 0.93125 0.48046875 0.01640625 0.06328125
0 0.86953125 0.972265625 0.0203125 0.04296875
0 0.827734375 0.9671875 0.0234375 0.0546875
0 0.971484375 0.723046875 0.02421875 0.07890625
0 0.819140625 0.673046875 0.01796875 0.05859375
0 0.6859375 0.684765625 0.01953125 0.07734375
0 0.6671875 0.68984375 0.0296875 0.0734375
2 0.6140625 0.540625 0.0109375 0.01875
0 0.50859375 0.762109375 0.02109375 0.07421875
0 0.525 0.759375 0.021875 0.07578125
0 0.462890625 0.962890625 0.02421875 0.07421875
0 0.519140625 0.851171875 0.02734375 0.0765625
0 0.563671875 0.962890625 0.01875 0.071875
0 0.19140625 0.900390625 0.02109375 0.0828125
0 0.769140625 0.882421875 0.021875 0.07890625
