0 0.92109375 0.49453125 0.0171875 0.06171875
0 0.835546875 0.973828125 0.02109375 0.05234375
0 0.794921875 0.9671875 0.02421875 0.065625
0 0.948046875 0.73203125 0.025 0.07734375
0 0.80234375 0.67578125 0.01875 0.0578125
0 0.671875 0.68046875 0.0203125 0.07578125
0 0.653125 0.684375 0.0296875 0.071875
2 0.609375 0.537109375 0.01171875 0.01796875
0 0.494921875 0.746484375 0.021875 0.07265625
0 0.5109375 0.74453125 0.02265625 0.07421875
0 0.441015625 0.947265625 0.02578125 0.08671875
0 0.50078125 0.83359375 0.02734375 0.075
0 0.53984375 0.948046875 0.0203125 0.07265625
0 0.179296875 0.86484375 0.02265625 0.08125
0 0.74296875 0.8765625 0.02265625 0.07734375
