0 0.161328125 0.9640625 0.034375 0.02890625
0 0.22265625 0.95546875 0.04921875 0.05546875
0 0.53984375 0.969140625 0.0390625 0.06171875
0 0.568359375 0.942578125 0.04140625 0.11484375
0 0.40234375 0.826953125 0.04765625 0.13671875
0 0.25078125 0.823828125 0.040625 0.1359375
0 0.3609375 0.727734375 0.0390625 0.12421875
0 0.482421875 0.75078125 0.0359375 0.12421875
0 0.676171875 0.590625 0.0359375 0.11328125
0 0.72109375 0.63046875 0.0328125 0.12578125
0 0.88359375 0.816015625 0.03984375 0.1265625
