0 0.052734375 0.97421875 0.03046875 0.0515625
0 0.102734375 0.9921875 0.02890625 0.015625
0 0.15390625 0.834375 0.03125 0.0890625
0 0.169921875 0.878515625 0.0375 0.09140625
0 0.19453125 0.93359375 0.03984375 0.09140625
0 0.339453125 0.981640625 0.03359375 0.03671875
0 0.199609375 0.640234375 0.0296875 0.0796875
2 0.3828125 0.65703125 0.0140625 0.0234375
0 0.36640625 0.751953125 0.02734375 0.0859375
0 0.586328125 0.769921875 0.02890625 0.078125
0 0.61171875 0.782421875 0.03515625 0.08515625
0 0.75390625 0.684375 0.03046875 0.0890625
