0 0.712890625 0.96640625 0.03359375 0.0671875
0 0.606640625 0.9359375 0.0359375 0.109375
0 0.983984375 0.531640625 0.02890625 0.09140625
0 0.94375 0.405078125 0.02734375 0.09140625
0 0.931640625 0.14609375 0.028125 0.09140625
0 0.926953125 0.798046875 0.0359375 0.103125
0 0.8546875 0.763671875 0.02890625 0.10859375
0 0.733984375 0.73203125 0.03203125 0.10859375
0 0.709765625 0.47890625 0.03046875 0.09765625
0 0.6453125 0.66171875 0.03203125 0.1125
0 0.3796875 0.452734375 0.028125 0.0953125
0 0.324609375 0.8984375 0.034375 0.11484375
0 0.14609375 0.7109375 0.0328125 0.10703125
