0 0.804296875 0.93671875 0.03515625 0.07890625
0 0.703125 0.912890625 0.03828125 0.1015625
0 0.99375 0.500390625 0.0125 0.08359375
0 0.9515625 0.38984375 0.02890625 0.08515625
0 0.911328125 0.1546875 0.0296875 0.08515625
0 0.98046875 0.750390625 0.0375 0.09609375
0 0.910546875 0.72734375 0.03125 0.10078125
0 0.796484375 0.7125 0.034375 0.10078125
0 0.74609375 0.48359375 0.0328125 0.090625
0 0.707421875 0.6578125 0.034375 0.1046875
0 0.441796875 0.496875 0.03046875 0.0890625
0 0.44140625 0.91015625 0.03671875 0.10703125
0 0.25703125 0.758984375 0.03515625 0.1
0 0.053515625 0.46015625 0.02890625 0.08671875
