0 0.05234375 0.615234375 0.02734375 0.109375
0 0.177734375 0.012890625 0.02265625 0.02578125
0 0.105859375 0.2703125 0.040625 0.09140625
0 0.08515625 0.36484375 0.02890625 0.08515625
0 0.209375 0.652734375 0.02890625 0.10703125
0 0.268359375 0.571484375 0.03046875 0.1015625
0 0.320703125 0.34140625 0.03359375 0.07890625
0 0.36875 0.4515625 0.0296875 0.09921875
0 0.619140625 0.3421875 0.03515625 0.08515625
0 0.8421875 0.620703125 0.02890625 0.109375
0 0.73359375 0.795703125 0.03359375 0.115625
0 0.359375 0.8390625 0.04140625 0.10546875
0 0.283203125 0.9078125 0.040625 0.11796875
