0 0.034765625 0.690234375 0.034375 0.12109375
0 0.05390625 0.30546875 0.0484375 0.1015625
0 0.041796875 0.411328125 0.03515625 0.09453125
0 0.2109375 0.712890625 0.0359375 0.11875
0 0.26640625 0.6171875 0.0375 0.1125
0 0.297265625 0.35859375 0.03984375 0.0875
0 0.362109375 0.473828125 0.03671875 0.11015625
0 0.62421875 0.32578125 0.04140625 0.09453125
0 0.899609375 0.6046875 0.0359375 0.12109375
0 0.801171875 0.809375 0.04140625 0.128125
0 0.397265625 0.9 0.04921875 0.1171875
0 0.318359375 0.958203125 0.04765625 0.08359375
