0 0.918359375 0.67109375 0.02734375 0.10859375
0 0.83671875 0.04453125 0.0234375 0.0671875
0 0.889453125 0.325 0.040625 0.090625
0 0.903515625 0.4203125 0.02890625 0.084375
0 0.760546875 0.697265625 0.02890625 0.10703125
0 0.707421875 0.612890625 0.03046875 0.10078125
0 0.671484375 0.38046875 0.0328125 0.078125
0 0.61640625 0.486328125 0.0296875 0.0984375
0 0.375390625 0.3609375 0.034375 0.084375
0 0.1359375 0.621484375 0.02890625 0.10859375
0 0.23125 0.80234375 0.03359375 0.11484375
0 0.5984375 0.87109375 0.04140625 0.10546875
0 0.66953125 0.943359375 0.040625 0.11328125
