0 0.4703125 0.65 0.03515625 0.115625
0 0.512890625 0.891015625 0.0390625 0.115625
0 0.5296875 0.923046875 0.04296875 0.128125
0 0.598828125 0.760546875 0.0375 0.11796875
0 0.63828125 0.73828125 0.028125 0.1171875
0 0.688671875 0.936328125 0.04140625 0.11875
0 0.74609375 0.9484375 0.0484375 0.103125
0 0.867578125 0.84375 0.0375 0.1046875
0 0.88515625 0.862890625 0.02890625 0.10390625
0 0.915234375 0.836328125 0.03671875 0.11171875
0 0.896875 0.98515625 0.028125 0.0296875
0 0.925390625 0.981640625 0.03984375 0.03671875
