0 0.52265625 0.635546875 0.02734375 0.1109375
0 0.4609375 0.8640625 0.03125 0.1109375
0 0.4421875 0.89375 0.0359375 0.121875
0 0.389453125 0.731640625 0.03046875 0.11328125
0 0.353125 0.706640625 0.021875 0.1125
0 0.2875 0.893359375 0.034375 0.11328125
0 0.23046875 0.90546875 0.04140625 0.10859375
0 0.123046875 0.788671875 0.03125 0.1
0 0.1046875 0.805859375 0.02265625 0.09921875
0 0.077734375 0.777734375 0.03046875 0.10625
0 0.08125 0.950390625 0.025 0.08515625
0 0.053515625 0.94609375 0.03671875 0.09296875
