0 0.9734375 0.980078125 0.0203125 0.03984375
0 0.84140625 0.3109375 0.0265625 0.08984375
0 0.71875 0.5078125 0.0296875 0.1046875
0 0.812890625 0.687890625 0.0328125 0.11953125
0 0.7625 0.7078125 0.03828125 0.103125
0 0.701171875 0.9203125 0.040625 0.115625
0 0.654296875 0.890625 0.0265625 0.1109375
0 0.5859375 0.86484375 0.040625 0.11171875
0 0.526953125 0.961328125 0.03203125 0.07734375
0 0.4953125 0.771484375 0.04140625 0.10546875
0 0.41328125 0.569921875 0.03828125 0.11953125
0 0.203515625 0.6734375 0.04375 0.11171875
2 0.191015625 0.711328125 0.01328125 0.021875
0 0.16796875 0.915234375 0.05234375 0.10546875
0 0.0171875 0.933984375 0.034375 0.09921875
