0 0.116015625 0.216015625 0.028125 0.1015625
0 0.250390625 0.441015625 0.03125 0.11875
0 0.140625 0.64375 0.034375 0.13515625
0 0.197265625 0.666796875 0.040625 0.11640625
0 0.262109375 0.90859375 0.04375 0.13046875
0 0.315625 0.876171875 0.02734375 0.12578125
0 0.393359375 0.8484375 0.04375 0.12578125
0 0.457421875 0.95703125 0.03515625 0.0859375
0 0.497265625 0.74453125 0.0453125 0.11875
0 0.59375 0.51796875 0.04140625 0.13515625
0 0.828125 0.638671875 0.04765625 0.12578125
2 0.84140625 0.68203125 0.01484375 0.02421875
0 0.86328125 0.913671875 0.05703125 0.11875
