0 0.86875 0.30625 0.0328125 0.09375
0 0.73125 0.502734375 0.0359375 0.109375
0 0.81875 0.69453125 0.03984375 0.125
0 0.765625 0.71171875 0.04453125 0.1078125
0 0.691015625 0.928125 0.0484375 0.121875
0 0.644140625 0.8953125 0.0328125 0.115625
0 0.575 0.86484375 0.04765625 0.1171875
0 0.509375 0.96015625 0.0375 0.0796875
0 0.48671875 0.763671875 0.0484375 0.1109375
0 0.41328125 0.55078125 0.04609375 0.12578125
0 0.191015625 0.646484375 0.0515625 0.1171875
2 0.176171875 0.684765625 0.01484375 0.02265625
0 0.141796875 0.894140625 0.059375 0.11171875
