0 0.97890625 0.716015625 0.021875 0.11328125
0 0.93515625 0.869921875 0.040625 0.1140625
0 0.821484375 0.848046875 0.04140625 0.10703125
0 0.75390625 0.966796875 0.034375 0.06640625
0 0.616796875 0.703125 0.04453125 0.10703125
0 0.70625 0.994140625 0.0359375 0.01171875
0 0.445703125 0.913671875 0.0375 0.11171875
0 0.22734375 0.591796875 0.0265625 0.10078125
0 0.184375 0.827734375 0.040625 0.11953125
2 0.2984375 0.9265625 0.021875 0.0296875
0 0.18828125 0.946875 0.03671875 0.06640625
0 0.08046875 0.87109375 0.0484375 0.125
