0 0.95859375 0.56875 0.02890625 0.10703125
0 0.926953125 0.716796875 0.034375 0.10703125
0 0.818359375 0.707421875 0.03515625 0.1
0 0.76796875 0.85625 0.03125 0.11875
0 0.61171875 0.59140625 0.03828125 0.1
0 0.7265625 0.91640625 0.03515625 0.1265625
0 0.596484375 0.917578125 0.0375 0.11875
0 0.611328125 0.98125 0.03359375 0.03125
0 0.471484375 0.80625 0.03203125 0.1046875
0 0.234375 0.525390625 0.021875 0.09453125
0 0.2171875 0.7515625 0.034375 0.11171875
2 0.333984375 0.8328125 0.01953125 0.02734375
0 0.2328125 0.884375 0.034375 0.1046875
0 0.123828125 0.802734375 0.04140625 0.1171875
