0 0.0234375 0.720703125 0.03046875 0.1
0 0.018359375 0.80546875 0.0125 0.115625
0 0.075390625 0.5703125 0.028125 0.0875
0 0.107421875 0.675 0.03203125 0.109375
0 0.269921875 0.7359375 0.0328125 0.09296875
0 0.33046875 0.79375 0.0265625 0.10625
0 0.4078125 0.854296875 0.03125 0.11796875
0 0.47265625 0.9625 0.03125 0.075
0 0.378125 0.652734375 0.03359375 0.08828125
0 0.3921875 0.555078125 0.02734375 0.09453125
2 0.568359375 0.595703125 0.0171875 0.0265625
0 0.477734375 0.68515625 0.0390625 0.09296875
0 0.731640625 0.8875 0.034375 0.11171875
0 0.616015625 0.583984375 0.0375 0.09765625
0 0.700390625 0.559375 0.0328125 0.1
0 0.78046875 0.512109375 0.028125 0.0921875
