0 0.9890625 0.718359375 0.021875 0.10546875
0 0.927734375 0.560546875 0.025 0.09296875
0 0.899609375 0.674609375 0.028125 0.115625
0 0.730078125 0.748828125 0.0296875 0.0984375
0 0.66875 0.8140625 0.021875 0.1125
0 0.5890625 0.883203125 0.0265625 0.125
0 0.526171875 0.981640625 0.02890625 0.03671875
0 0.609375 0.666015625 0.03125 0.09296875
0 0.5890625 0.56171875 0.0234375 0.1
2 0.40390625 0.615625 0.0171875 0.028125
0 0.50546875 0.705859375 0.0359375 0.0984375
0 0.24609375 0.937109375 0.03125 0.11796875
0 0.35234375 0.60546875 0.03515625 0.103125
0 0.2609375 0.584375 0.0296875 0.10546875
0 0.173046875 0.537890625 0.025 0.0984375
