0 0.0421875 0.819140625 0.04140625 0.1125
0 0.03984375 0.914453125 0.021875 0.1296875
0 0.0953125 0.64921875 0.034375 0.0984375
0 0.13515625 0.765625 0.03984375 0.12265625
0 0.31796875 0.82734375 0.03984375 0.1046875
0 0.387890625 0.889453125 0.03359375 0.11953125
0 0.475390625 0.94296875 0.03828125 0.1140625
0 0.435546875 0.730078125 0.040625 0.09921875
0 0.447265625 0.619921875 0.034375 0.10625
2 0.64453125 0.658984375 0.0203125 0.03046875
0 0.547265625 0.7625 0.046875 0.10546875
0 0.83359375 0.944140625 0.0359375 0.059375
0 0.696875 0.64375 0.04609375 0.11015625
0 0.78984375 0.61328125 0.03984375 0.1125
0 0.876953125 0.55703125 0.03515625 0.10390625
