0 0.030859375 0.584765625 0.03828125 0.1125
0 0.05859375 0.841796875 0.0390625 0.125
0 0.21640625 0.844140625 0.04375 0.134375
0 0.18046875 0.43515625 0.0375 0.11640625
0 0.250390625 0.1921875 0.03359375 0.0921875
2 0.33671875 0.301171875 0.0140625 0.02890625
0 0.348828125 0.257421875 0.03671875 0.103125
0 0.346875 0.594921875 0.03671875 0.11875
0 0.3640625 0.40234375 0.03125 0.0984375
0 0.532421875 0.4203125 0.03515625 0.10078125
0 0.535546875 0.66484375 0.03515625 0.11640625
0 0.590234375 0.835546875 0.0421875 0.13046875
0 0.596484375 0.81328125 0.034375 0.1203125
0 0.766015625 0.641796875 0.0359375 0.1078125
0 0.7203125 0.30078125 0.03203125 0.109375
0 0.83984375 0.4484375 0.03828125 0.1125
0 0.84765625 0.3828125 0.0359375 0.10546875
