0 0.84921875 0.809375 0.04609375 0.15
0 0.833203125 0.350390625 0.03984375 0.1296875
0 0.723046875 0.090625 0.03515625 0.10234375
2 0.642578125 0.223046875 0.015625 0.0328125
0 0.6234375 0.17578125 0.0390625 0.11484375
0 0.671484375 0.550390625 0.03828125 0.13203125
0 0.6265625 0.338671875 0.0328125 0.11015625
0 0.442578125 0.38203125 0.0375 0.1125
0 0.47265625 0.653515625 0.03671875 0.1296875
0 0.435546875 0.851171875 0.04453125 0.1453125
0 0.426171875 0.826953125 0.0359375 0.134375
0 0.21484375 0.659765625 0.0375 0.1203125
0 0.219140625 0.275 0.03359375 0.12265625
0 0.1078125 0.455078125 0.040625 0.125
0 0.08984375 0.383203125 0.0375 0.1171875
