0 0.017578125 0.580859375 0.034375 0.125
0 0.041015625 0.8671875 0.04140625 0.13828125
0 0.215234375 0.87265625 0.04609375 0.1484375
0 0.183203125 0.419921875 0.0390625 0.128125
0 0.265234375 0.153125 0.03515625 0.1015625
2 0.358203125 0.275390625 0.015625 0.03203125
0 0.372265625 0.226953125 0.03828125 0.1140625
0 0.363671875 0.6 0.03828125 0.13046875
0 0.386328125 0.3875 0.0328125 0.10859375
0 0.571875 0.4109375 0.03671875 0.1109375
0 0.5703125 0.68046875 0.03671875 0.128125
0 0.627734375 0.870703125 0.04375 0.14296875
0 0.634765625 0.845703125 0.03515625 0.1328125
0 0.82578125 0.66015625 0.0375 0.11875
0 0.78203125 0.282421875 0.03359375 0.12109375
0 0.910546875 0.448046875 0.040625 0.1234375
0 0.920703125 0.375390625 0.0375 0.115625
