0 0.11171875 0.234375 0.0375 0.10390625
0 0.074609375 0.72890625 0.04140625 0.11796875
0 0.17421875 0.929296875 0.0421875 0.13203125
0 0.18984375 0.526953125 0.03515625 0.11328125
0 0.30390625 0.55703125 0.04296875 0.09765625
0 0.313671875 0.448046875 0.03515625 0.10390625
0 0.4671875 0.6 0.03359375 0.096875
0 0.34296875 0.805859375 0.03359375 0.12265625
0 0.5234375 0.87109375 0.0359375 0.13671875
0 0.54921875 0.922265625 0.0390625 0.1296875
0 0.5328125 0.7234375 0.04296875 0.12265625
0 0.687890625 0.651171875 0.03046875 0.1109375
0 0.671484375 0.475 0.0375 0.115625
0 0.855078125 0.685546875 0.0375 0.11796875
0 0.95625 0.644140625 0.040625 0.1296875
2 0.67421875 0.523828125 0.01953125 0.03125
