0 0.881640625 0.1390625 0.0375 0.1078125
0 0.964453125 0.647265625 0.040625 0.12265625
0 0.8796875 0.86328125 0.04140625 0.13671875
0 0.82734375 0.448828125 0.03515625 0.1171875
0 0.71171875 0.490234375 0.0421875 0.10078125
0 0.69140625 0.378515625 0.034375 0.1078125
0 0.54609375 0.54921875 0.0328125 0.1
0 0.694140625 0.751171875 0.0328125 0.1265625
0 0.512890625 0.834765625 0.034375 0.14140625
0 0.491015625 0.890234375 0.03828125 0.134375
0 0.48984375 0.683203125 0.0421875 0.12734375
0 0.323046875 0.622265625 0.0296875 0.11484375
0 0.323828125 0.438671875 0.03671875 0.11953125
0 0.152734375 0.673046875 0.03671875 0.121875
0 0.04453125 0.639453125 0.03984375 0.134375
2 0.32578125 0.489453125 0.01953125 0.03203125
