0 0.109765625 0.229296875 0.0375 0.103125
0 0.022265625 0.7140625 0.040625 0.11796875
0 0.098828125 0.9171875 0.040625 0.1265625
0 0.156640625 0.526171875 0.03515625 0.1125
0 0.266015625 0.56796875 0.0421875 0.096875
0 0.287109375 0.4609375 0.03515625 0.103125
0 0.4234375 0.626953125 0.03359375 0.09609375
0 0.279296875 0.81796875 0.03359375 0.121875
0 0.450390625 0.901171875 0.03515625 0.1359375
0 0.4703125 0.944140625 0.03828125 0.11171875
0 0.475390625 0.75625 0.0421875 0.121875
0 0.6359375 0.70078125 0.03046875 0.11015625
0 0.637890625 0.525 0.03671875 0.11484375
0 0.797265625 0.75234375 0.03671875 0.1171875
0 0.9015625 0.721875 0.03984375 0.12890625
0 0.989453125 0.43046875 0.02109375 0.0984375
2 0.635546875 0.573046875 0.01953125 0.03125
