0 0.92890625 0.666015625 0.034375 0.10703125
0 0.89609375 0.508984375 0.02734375 0.0890625
0 0.868359375 0.790234375 0.03359375 0.0984375
0 0.737890625 0.923046875 0.03515625 0.10703125
0 0.717578125 0.665625 0.03203125 0.09609375
0 0.686328125 0.826953125 0.03515625 0.109375
0 0.661328125 0.906640625 0.05078125 0.11015625
0 0.509375 0.679296875 0.02734375 0.090625
0 0.46484375 0.632421875 0.02734375 0.10703125
0 0.252734375 0.514453125 0.028125 0.09609375
2 0.36484375 0.7328125 0.02109375 0.02578125
0 0.4828125 0.994140625 0.046875 0.01171875
0 0.327734375 0.983984375 0.03515625 0.03203125
0 0.244921875 0.9359375 0.034375 0.11640625
0 0.203125 0.8234375 0.0359375 0.1140625
