0 0.98125 0.685546875 0.0375 0.11484375
0 0.941796875 0.520703125 0.03203125 0.09453125
0 0.9234375 0.81953125 0.0390625 0.10546875
0 0.789453125 0.94453125 0.0390625 0.075
0 0.759375 0.69296875 0.0375 0.10234375
0 0.732421875 0.865625 0.04140625 0.1171875
0 0.708203125 0.93984375 0.05546875 0.096875
0 0.540625 0.715625 0.03203125 0.096875
0 0.491796875 0.667578125 0.0328125 0.1140625
0 0.263671875 0.55 0.03359375 0.10234375
2 0.38984375 0.77734375 0.02265625 0.02734375
0 0.27109375 0.9671875 0.0375 0.065625
0 0.223046875 0.879296875 0.04140625 0.121875
