0 0.0140625 0.641015625 0.028125 0.11328125
0 0.05 0.478515625 0.0328125 0.09375
0 0.063671875 0.77421875 0.040625 0.10390625
0 0.191796875 0.919140625 0.04296875 0.11328125
0 0.227734375 0.651953125 0.0390625 0.1015625
0 0.2515625 0.823046875 0.04296875 0.11640625
0 0.2734375 0.9078125 0.05859375 0.1171875
0 0.444140625 0.678125 0.0328125 0.09609375
0 0.493359375 0.63125 0.034375 0.11328125
0 0.720703125 0.519140625 0.034375 0.10078125
2 0.5921875 0.7421875 0.0234375 0.028125
0 0.616796875 0.99453125 0.03671875 0.0109375
0 0.7046875 0.948828125 0.0421875 0.10234375
0 0.755078125 0.8453125 0.04296875 0.12109375
