0 0.08515625 0.680859375 0.03203125 0.11796875
0 0.12578125 0.53984375 0.03828125 0.1
0 0.101171875 0.364453125 0.0296875 0.10234375
0 0.16640625 0.787890625 0.0328125 0.10390625
0 0.188671875 0.846484375 0.03984375 0.11171875
0 0.28046875 0.776171875 0.03359375 0.10625
0 0.31953125 0.59609375 0.040625 0.08671875
2 0.314453125 0.6234375 0.01875 0.02734375
0 0.354296875 0.618359375 0.04609375 0.09375
0 0.37109375 0.47734375 0.03359375 0.0953125
0 0.405859375 0.572265625 0.0359375 0.10234375
0 0.543359375 0.424609375 0.03125 0.10859375
0 0.563671875 0.62578125 0.0328125 0.11328125
0 0.6015625 0.645703125 0.03125 0.09765625
0 0.64140625 0.799609375 0.0390625 0.1109375
0 0.7578125 0.31484375 0.0296875 0.10625
0 0.9171875 0.74375 0.02421875 0.1171875
