0 0.894140625 0.695703125 0.03828125 0.1328125
0 0.851171875 0.5359375 0.0453125 0.11328125
0 0.882421875 0.338671875 0.0359375 0.115625
0 0.800390625 0.81484375 0.03828125 0.11796875
0 0.77421875 0.880859375 0.04765625 0.1265625
0 0.67265625 0.79921875 0.03984375 0.12109375
0 0.63203125 0.595703125 0.04765625 0.0984375
2 0.6375 0.6265625 0.021875 0.03125
0 0.591796875 0.6203125 0.053125 0.10625
0 0.576171875 0.4609375 0.03984375 0.1078125
0 0.53515625 0.56640625 0.04296875 0.115625
0 0.383203125 0.397265625 0.0375 0.12265625
0 0.35625 0.62421875 0.0390625 0.128125
0 0.31328125 0.64609375 0.03671875 0.11015625
0 0.265625 0.81875 0.04609375 0.12578125
0 0.14453125 0.26953125 0.0359375 0.1203125
