0 0.045703125 0.533984375 0.04765625 0.11171875
0 0.042578125 0.3390625 0.03828125 0.11328125
0 0.05703125 0.81015625 0.04140625 0.115625
0 0.0734375 0.876953125 0.05 0.12421875
0 0.182421875 0.8125 0.04296875 0.11875
0 0.24921875 0.62109375 0.04921875 0.096875
2 0.239453125 0.65 0.021875 0.03125
0 0.283984375 0.650390625 0.05546875 0.1046875
0 0.32109375 0.4984375 0.04140625 0.10625
0 0.34609375 0.60625 0.0453125 0.11328125
0 0.515234375 0.463671875 0.040625 0.12109375
0 0.510546875 0.686328125 0.0421875 0.12578125
0 0.548828125 0.71328125 0.0390625 0.10859375
0 0.571484375 0.886328125 0.0484375 0.12421875
0 0.7625 0.372265625 0.0390625 0.11796875
0 0.878515625 0.862109375 0.0328125 0.1296875
