0 0.076171875 0.469921875 0.03203125 0.09765625
0 0.088671875 0.580078125 0.028125 0.1
0 0.035546875 0.6875 0.03359375 0.0890625
0 0.101953125 0.783984375 0.02890625 0.1171875
0 0.230078125 0.85625 0.03671875 0.09609375
0 0.220703125 0.723828125 0.03203125 0.10234375
0 0.26796875 0.769921875 0.02890625 0.1109375
0 0.31875 0.63984375 0.034375 0.09375
0 0.340234375 0.56171875 0.02734375 0.07578125
0 0.335546875 0.85546875 0.03125 0.11328125
0 0.476171875 0.84453125 0.0453125 0.09453125
0 0.4609375 0.484765625 0.03125 0.10234375
0 0.47265625 0.69296875 0.03671875 0.0890625
0 0.521875 0.723828125 0.0359375 0.09765625
0 0.533984375 0.8453125 0.04296875 0.09609375
0 0.81484375 0.77421875 0.040625 0.10234375
0 0.7390625 0.39453125 0.03203125 0.1
