0 0.036328125 0.441796875 0.03203125 0.1109375
0 0.0421875 0.56875 0.028125 0.11328125
0 0.040625 0.801171875 0.028125 0.1328125
0 0.180078125 0.893359375 0.03828125 0.1078125
0 0.180078125 0.7421875 0.0328125 0.115625
0 0.23046875 0.798046875 0.02890625 0.12578125
0 0.29765625 0.654296875 0.03515625 0.10546875
0 0.328125 0.5671875 0.028125 0.0859375
0 0.3 0.900390625 0.03125 0.128125
0 0.459765625 0.899609375 0.04765625 0.10625
0 0.470703125 0.48984375 0.03125 0.115625
0 0.467578125 0.72734375 0.03828125 0.10078125
0 0.520703125 0.765625 0.03671875 0.1109375
0 0.525390625 0.904296875 0.0453125 0.1078125
0 0.848828125 0.846484375 0.0421875 0.115625
0 0.792578125 0.408984375 0.0328125 0.11328125
