0 0.934375 0.468359375 0.0359375 0.10546875
0 0.919140625 0.586328125 0.03203125 0.10703125
0 0.973046875 0.7 0.034375 0.096875
0 0.901171875 0.8046875 0.03359375 0.12578125
0 0.76328125 0.8796875 0.040625 0.103125
0 0.77578125 0.737890625 0.03671875 0.11015625
0 0.72421875 0.786328125 0.0328125 0.11875
0 0.67265625 0.645703125 0.03828125 0.10078125
0 0.6515625 0.56171875 0.03046875 0.08125
0 0.65078125 0.8765625 0.0359375 0.121875
0 0.50078125 0.8625 0.05 0.1015625
0 0.523828125 0.47734375 0.03515625 0.11015625
0 0.5078125 0.700390625 0.040625 0.09609375
0 0.4546875 0.731640625 0.03984375 0.10546875
0 0.4390625 0.86171875 0.04765625 0.10390625
0 0.14140625 0.780859375 0.0453125 0.1109375
0 0.2296875 0.375390625 0.0359375 0.1078125
