0 0.893359375 0.79140625 0.0390625 0.12421875
0 0.989453125 0.2046875 0.02109375 0.1015625
0 0.9859375 0.2296875 0.028125 0.1109375
0 0.89375 0.485546875 0.0359375 0.1265625
0 0.90546875 0.63984375 0.04453125 0.13203125
0 0.755859375 0.586328125 0.0390625 0.1109375
0 0.791015625 0.387109375 0.0359375 0.09453125
0 0.713671875 0.2046875 0.0328125 0.1109375
0 0.703515625 0.391796875 0.04140625 0.10390625
0 0.713671875 0.521484375 0.0421875 0.1109375
0 0.69375 0.543359375 0.0375 0.10625
2 0.67421875 0.50390625 0.0171875 0.0375
0 0.70703125 0.687109375 0.04453125 0.13203125
0 0.53359375 0.3953125 0.034375 0.1203125
0 0.50625 0.4546875 0.03359375 0.1203125
0 0.3640625 0.48671875 0.03671875 0.1109375
