0 0.1203125 0.805078125 0.0359375 0.1296875
0 0.05234375 0.185546875 0.03984375 0.1078125
0 0.053515625 0.2109375 0.0484375 0.115625
0 0.142578125 0.484375 0.03359375 0.13203125
0 0.11875 0.6453125 0.0421875 0.1375
0 0.27890625 0.600390625 0.0375 0.11484375
0 0.256640625 0.3890625 0.034375 0.0984375
0 0.35078125 0.20390625 0.03046875 0.11484375
0 0.348046875 0.400390625 0.03984375 0.1078125
0 0.327734375 0.53515625 0.03984375 0.11484375
0 0.347265625 0.56015625 0.0359375 0.11015625
2 0.370703125 0.5203125 0.01640625 0.0390625
0 0.323046875 0.709765625 0.0421875 0.1375
0 0.52578125 0.416796875 0.03203125 0.125
0 0.55 0.48046875 0.03046875 0.125
0 0.69609375 0.524609375 0.034375 0.11484375
