0 0.1109375 0.755859375 0.0328125 0.125
0 0.03515625 0.159375 0.03671875 0.103125
0 0.03671875 0.184375 0.04453125 0.1109375
0 0.126953125 0.446484375 0.0296875 0.1265625
0 0.10703125 0.6015625 0.0375 0.13125
0 0.260546875 0.555859375 0.034375 0.1109375
0 0.235546875 0.35234375 0.03125 0.09375
0 0.323046875 0.172265625 0.02734375 0.1109375
0 0.323828125 0.36171875 0.03671875 0.103125
0 0.306640625 0.4921875 0.03671875 0.1109375
0 0.32578125 0.516015625 0.0328125 0.10625
2 0.34765625 0.476953125 0.015625 0.0375
0 0.3046875 0.660546875 0.0375 0.13125
0 0.494921875 0.374609375 0.02890625 0.1203125
0 0.51953125 0.4359375 0.02734375 0.1203125
0 0.6609375 0.47578125 0.03125 0.1109375
