0 0.0609375 0.790625 0.04609375 0.1328125
0 0.041796875 0.99140625 0.03359375 0.0171875
0 0.214453125 0.974609375 0.03203125 0.05078125
0 0.214453125 0.934765625 0.05234375 0.13046875
0 0.246484375 0.88125 0.03984375 0.11953125
0 0.08046875 0.444140625 0.02890625 0.1125
0 0.0890625 0.690234375 0.03359375 0.13046875
0 0.15234375 0.64453125 0.0328125 0.09921875
0 0.28984375 0.4828125 0.0296875 0.12578125
0 0.44765625 0.6359375 0.0359375 0.12421875
0 0.446875 0.991015625 0.03125 0.01796875
0 0.558984375 0.6203125 0.0359375 0.11953125
0 0.645703125 0.815234375 0.03203125 0.12578125
0 0.696484375 0.82890625 0.034375 0.1328125
0 0.890234375 0.394140625 0.03125 0.1171875
0 0.125390625 0.472265625 0.0328125 0.128125
