0 0.075390625 0.744921875 0.04296875 0.1234375
0 0.050390625 0.9578125 0.03203125 0.06953125
0 0.212109375 0.94609375 0.03046875 0.0984375
0 0.21484375 0.891015625 0.04765625 0.13203125
0 0.24609375 0.835546875 0.03671875 0.1109375
0 0.105078125 0.42265625 0.02734375 0.1046875
0 0.105078125 0.65234375 0.03125 0.121875
0 0.166015625 0.61171875 0.03125 0.0921875
0 0.29921875 0.465625 0.028125 0.1171875
0 0.441796875 0.61328125 0.03359375 0.115625
0 0.42890625 0.9671875 0.0296875 0.0640625
0 0.546484375 0.602734375 0.03359375 0.1109375
0 0.621484375 0.78671875 0.03046875 0.1171875
0 0.668359375 0.801171875 0.0328125 0.1234375
0 0.8640625 0.40234375 0.02890625 0.109375
0 0.145703125 0.450390625 0.03125 0.11953125
