0 0.07109375 0.76875 0.046875 0.1296875
0 0.0421875 0.96953125 0.0328125 0.03046875
0 0.21015625 0.960546875 0.03203125 0.06015625
0 0.2125 0.921875 0.053125 0.13828125
0 0.246484375 0.86640625 0.040625 0.11640625
0 0.1078125 0.433984375 0.03046875 0.109375
0 0.10390625 0.673046875 0.03515625 0.12734375
0 0.167578125 0.631640625 0.03359375 0.096875
0 0.30859375 0.48203125 0.03046875 0.12265625
0 0.45390625 0.63828125 0.03671875 0.1203125
0 0.433984375 0.9859375 0.03125 0.025
0 0.5625 0.629296875 0.03671875 0.11640625
0 0.636328125 0.822265625 0.0328125 0.12265625
0 0.684765625 0.837890625 0.0359375 0.12890625
0 0.894921875 0.4265625 0.03203125 0.1140625
0 0.15 0.463671875 0.034375 0.125
