0 0.68828125 0.628515625 0.03359375 0.11953125
0 0.5 0.541015625 0.0296875 0.12578125
0 0.497265625 0.821484375 0.03828125 0.121875
0 0.38125 0.8390625 0.0453125 0.14453125
2 0.2609375 0.818359375 0.015625 0.0203125
0 0.287890625 0.690625 0.0328125 0.1109375
0 0.276171875 0.669921875 0.028125 0.13203125
0 0.24296875 0.7140625 0.040625 0.1296875
0 0.13984375 0.319921875 0.02890625 0.1140625
0 0.144921875 0.79765625 0.04609375 0.08671875
0 0.1046875 0.78046875 0.034375 0.121875
0 0.042578125 0.52421875 0.02890625 0.1171875
