0 0.301171875 0.695703125 0.0390625 0.1328125
0 0.506640625 0.5953125 0.0359375 0.13984375
0 0.515625 0.90546875 0.04453125 0.13515625
0 0.64296875 0.91953125 0.053125 0.15703125
2 0.775390625 0.89765625 0.01796875 0.02265625
0 0.74375 0.75625 0.0375 0.12421875
0 0.75625 0.73359375 0.0328125 0.146875
0 0.793359375 0.78203125 0.046875 0.14453125
0 0.89921875 0.34375 0.03359375 0.1265625
0 0.902734375 0.872265625 0.05234375 0.096875
0 0.947265625 0.85234375 0.040625 0.13515625
0 0.996484375 0.56640625 0.00703125 0.13125
