0 0.504296875 0.3828125 0.0296875 0.096875
0 0.3609375 0.43046875 0.0359375 0.10546875
0 0.258984375 0.23359375 0.02890625 0.10546875
0 0.237109375 0.305859375 0.03046875 0.09921875
0 0.157421875 0.233984375 0.02734375 0.0984375
0 0.1265625 0.307421875 0.02578125 0.0859375
0 0.04140625 0.278515625 0.028125 0.090625
0 0.32109375 0.639453125 0.040625 0.11015625
0 0.1328125 0.738671875 0.03984375 0.12109375
0 0.1390625 0.8015625 0.03671875 0.1265625
0 0.324609375 0.974609375 0.05234375 0.05078125
0 0.080859375 0.980078125 0.04140625 0.03984375
0 0.01640625 0.9328125 0.0078125 0.1234375
0 0.044921875 0.791796875 0.034375 0.09921875
