0 0.505859375 0.38515625 0.03125 0.103125
0 0.3515625 0.425390625 0.0375 0.11171875
0 0.259375 0.209375 0.03046875 0.11171875
0 0.23125 0.284375 0.0328125 0.1046875
0 0.15234375 0.201953125 0.02890625 0.1046875
0 0.11484375 0.277734375 0.02734375 0.09140625
0 0.02734375 0.240625 0.0296875 0.09609375
0 0.294921875 0.64296875 0.04296875 0.11640625
0 0.089453125 0.734375 0.0421875 0.128125
0 0.09140625 0.80078125 0.03828125 0.134375
0 0.275 0.98203125 0.05390625 0.02265625
0 0.019140625 0.974609375 0.03828125 0.01953125
0 0.006640625 0.78203125 0.01328125 0.1046875
