0 0.810546875 0.91171875 0.03359375 0.11484375
0 0.742578125 0.744140625 0.034375 0.11875
2 0.75078125 0.787109375 0.01875 0.028125
0 0.64296875 0.68984375 0.0453125 0.1125
0 0.468359375 0.79921875 0.03203125 0.1265625
0 0.510546875 0.94765625 0.0375 0.1046875
0 0.418359375 0.93203125 0.0328125 0.11875
0 0.344921875 0.809375 0.028125 0.11875
0 0.3390625 0.718359375 0.0359375 0.11640625
0 0.196484375 0.69609375 0.02734375 0.11640625
0 0.180859375 0.813671875 0.0328125 0.0984375
0 0.09921875 0.66953125 0.028125 0.11640625
0 0.08671875 0.63671875 0.028125 0.1078125
