0 0.822265625 0.953515625 0.04140625 0.09296875
0 0.760546875 0.792578125 0.0421875 0.125
2 0.766796875 0.837890625 0.0203125 0.03046875
0 0.66015625 0.730859375 0.05390625 0.11953125
0 0.4734375 0.835546875 0.03984375 0.13359375
0 0.51015625 0.96796875 0.0421875 0.0640625
0 0.41640625 0.951953125 0.03984375 0.08984375
0 0.344921875 0.8390625 0.0359375 0.125
0 0.344140625 0.744140625 0.04296875 0.1234375
0 0.196875 0.712890625 0.03515625 0.12265625
0 0.174609375 0.834765625 0.03984375 0.10390625
0 0.098046875 0.680078125 0.0359375 0.12265625
0 0.08671875 0.6453125 0.0359375 0.1140625
