0 0.1578125 0.943359375 0.0359375 0.11328125
0 0.229296875 0.77421875 0.0359375 0.12421875
2 0.22109375 0.819140625 0.01875 0.0296875
0 0.33359375 0.717578125 0.0484375 0.11796875
0 0.516015625 0.83203125 0.03359375 0.1328125
0 0.471875 0.96640625 0.0390625 0.0671875
0 0.567578125 0.954296875 0.0359375 0.09140625
0 0.644921875 0.84296875 0.0296875 0.12421875
0 0.65078125 0.74765625 0.0375 0.121875
0 0.8 0.723828125 0.028125 0.121875
0 0.81640625 0.847265625 0.034375 0.103125
0 0.901171875 0.69609375 0.0296875 0.121875
0 0.914453125 0.66171875 0.0296875 0.1140625
