0 0.783984375 0.90078125 0.05078125 0.13359375
0 0.75703125 0.833203125 0.05234375 0.13203125
0 0.73046875 0.724609375 0.04375 0.1203125
0 0.695703125 0.769140625 0.053125 0.1328125
2 0.4265625 0.4796875 0.02265625 0.02421875
0 0.469140625 0.871484375 0.0484375 0.134375
0 0.502734375 0.958984375 0.03828125 0.08203125
0 0.4046875 0.5875 0.04375 0.11875
0 0.351171875 0.766015625 0.040625 0.11796875
0 0.291796875 0.780859375 0.046875 0.140625
0 0.17890625 0.626953125 0.03984375 0.115625
0 0.165625 0.5796875 0.0375 0.121875
0 0.1296875 0.489453125 0.0375 0.11796875
0 0.046875 0.461328125 0.0453125 0.0984375
