0 0.208984375 0.83984375 0.0453125 0.12265625
0 0.24375 0.781640625 0.046875 0.121875
0 0.283984375 0.687109375 0.0390625 0.1109375
0 0.308984375 0.7328125 0.04765625 0.121875
2 0.59765625 0.508203125 0.02109375 0.021875
0 0.501953125 0.85859375 0.04296875 0.1234375
0 0.457421875 0.947265625 0.0359375 0.103125
0 0.60234375 0.609375 0.03828125 0.10859375
0 0.625390625 0.7796875 0.0359375 0.10859375
0 0.67734375 0.801953125 0.04140625 0.12890625
0 0.803125 0.677734375 0.03515625 0.10625
0 0.82265625 0.63671875 0.0328125 0.1125
0 0.868359375 0.56015625 0.0328125 0.1078125
0 0.948046875 0.54609375 0.040625 0.090625
0 0.970703125 0.869140625 0.0171875 0.115625
