0 0.73671875 0.887109375 0.04765625 0.1234375
0 0.71171875 0.82421875 0.0484375 0.121875
0 0.68671875 0.72421875 0.040625 0.1109375
0 0.6546875 0.765625 0.04921875 0.121875
2 0.4046875 0.498828125 0.02109375 0.02265625
0 0.44453125 0.859765625 0.0453125 0.1234375
0 0.474609375 0.9515625 0.03671875 0.096875
0 0.384375 0.59765625 0.040625 0.10859375
0 0.335546875 0.7625 0.03828125 0.10859375
0 0.280078125 0.776171875 0.04375 0.1296875
0 0.175390625 0.634375 0.03671875 0.10703125
0 0.162890625 0.591015625 0.03515625 0.1125
0 0.1296875 0.507421875 0.034375 0.10859375
0 0.053125 0.48125 0.0421875 0.090625
