2 0.808203125 0.905078125 0.01796875 0.03125
0 0.84375 0.857421875 0.0484375 0.128125
0 0.801953125 0.7859375 0.04765625 0.12578125
0 0.76171875 0.817578125 0.05 0.11796875
0 0.708203125 0.73671875 0.0515625 0.140625
0 0.6671875 0.839453125 0.05390625 0.13359375
0 0.64921875 0.931640625 0.04921875 0.1203125
0 0.581640625 0.67109375 0.04140625 0.11796875
0 0.491796875 0.540234375 0.03671875 0.13046875
0 0.480078125 0.740234375 0.040625 0.115625
0 0.394921875 0.979296875 0.05859375 0.04140625
0 0.20546875 0.927734375 0.053125 0.14453125
0 0.16015625 0.791796875 0.0421875 0.128125
0 0.103125 0.494140625 0.03828125 0.13515625
