2 0.79609375 0.883984375 0.0171875 0.0296875
0 0.830078125 0.837890625 0.04609375 0.1234375
0 0.790234375 0.769140625 0.04609375 0.12109375
0 0.7515625 0.8 0.0484375 0.1140625
0 0.7 0.722265625 0.05 0.1359375
0 0.66015625 0.820703125 0.05234375 0.12890625
0 0.64375 0.919140625 0.0484375 0.13359375
0 0.578515625 0.658984375 0.03984375 0.11328125
0 0.4921875 0.5328125 0.03515625 0.12578125
0 0.480078125 0.725390625 0.0390625 0.1109375
0 0.4 0.967578125 0.0578125 0.06484375
0 0.216796875 0.9078125 0.0515625 0.14296875
0 0.17265625 0.774609375 0.040625 0.1234375
0 0.11796875 0.48828125 0.03671875 0.13046875
