2 0.26953125 0.86953125 0.0171875 0.02890625
0 0.229296875 0.83125 0.0484375 0.11953125
0 0.255859375 0.759765625 0.0484375 0.1171875
0 0.29765625 0.78203125 0.05 0.11015625
0 0.33359375 0.7 0.05234375 0.13125
0 0.387109375 0.78671875 0.05390625 0.12421875
0 0.419921875 0.876953125 0.05078125 0.12890625
0 0.437890625 0.6203125 0.0421875 0.109375
0 0.4984375 0.486328125 0.03828125 0.12109375
0 0.541796875 0.66640625 0.040625 0.10703125
0 0.568359375 0.95859375 0.040625 0.0765625
0 0.662109375 0.91875 0.0640625 0.1375
0 0.82109375 0.794921875 0.05390625 0.13828125
0 0.841015625 0.662109375 0.04296875 0.11875
0 0.844921875 0.382421875 0.03984375 0.125
