0 0.941015625 0.158984375 0.03203125 0.11875
0 0.8796875 0.12109375 0.03984375 0.1109375
0 0.85234375 0.15546875 0.03671875 0.11328125
0 0.86328125 0.220703125 0.0328125 0.1171875
0 0.84765625 0.48828125 0.040625 0.1453125
0 0.677734375 0.055078125 0.04296875 0.11015625
0 0.7703125 0.72890625 0.028125 0.17421875
0 0.65 0.508984375 0.03359375 0.13515625
0 0.585546875 0.175390625 0.04296875 0.1234375
0 0.578125 0.503515625 0.03671875 0.14140625
0 0.432421875 0.62421875 0.0390625 0.15
0 0.358203125 0.55390625 0.03984375 0.14140625
0 0.238671875 0.775 0.04375 0.16640625
