0 0.020703125 0.174609375 0.040625 0.12265625
0 0.078125 0.1296875 0.04765625 0.11484375
0 0.109765625 0.16171875 0.04453125 0.1171875
0 0.105859375 0.228515625 0.04140625 0.1203125
0 0.15 0.498046875 0.05078125 0.15078125
0 0.276953125 0.057421875 0.0484375 0.0828125
0 0.253515625 0.733203125 0.040625 0.178125
0 0.3515625 0.4984375 0.04296875 0.1390625
0 0.38203125 0.153515625 0.05234375 0.128125
0 0.423828125 0.484765625 0.046875 0.14609375
0 0.583984375 0.591796875 0.05 0.15390625
0 0.6515625 0.5125 0.05078125 0.14609375
0 0.79609375 0.7234375 0.05625 0.17109375
