0 0.892578125 0.136328125 0.034375 0.11484375
0 0.8328125 0.101953125 0.0421875 0.1078125
0 0.807421875 0.1359375 0.03828125 0.109375
0 0.8203125 0.198046875 0.03515625 0.11328125
0 0.813671875 0.455859375 0.04375 0.14140625
0 0.6359375 0.049609375 0.0453125 0.09921875
0 0.74765625 0.6890625 0.0328125 0.16796875
0 0.624609375 0.482421875 0.03671875 0.13125
0 0.551171875 0.1640625 0.0453125 0.11953125
0 0.55546875 0.47890625 0.03984375 0.13671875
0 0.419140625 0.600390625 0.04296875 0.1453125
0 0.3453125 0.535546875 0.04375 0.1375
0 0.237890625 0.751171875 0.04765625 0.1609375
