0 0.023046875 0.81640625 0.03125 0.1109375
0 0.007421875 0.55546875 0.01484375 0.1
0 0.1515625 0.689453125 0.025 0.11484375
0 0.18515625 0.6015625 0.02578125 0.10390625
0 0.2125 0.8421875 0.03125 0.11875
0 0.165625 0.94140625 0.0390625 0.10625
0 0.192578125 0.930078125 0.0296875 0.10390625
0 0.484765625 0.967578125 0.03046875 0.06484375
0 0.47265625 0.830078125 0.03046875 0.1078125
0 0.541015625 0.84140625 0.03515625 0.1015625
2 0.58046875 0.769140625 0.015625 0.01875
0 0.808203125 0.3734375 0.0296875 0.09453125
