0 0.017578125 0.8078125 0.0328125 0.11171875
0 0.007421875 0.546484375 0.01484375 0.10078125
0 0.1484375 0.683203125 0.02734375 0.11484375
0 0.18359375 0.59609375 0.028125 0.10390625
0 0.20625 0.837109375 0.03359375 0.11953125
0 0.158203125 0.935546875 0.04140625 0.10703125
0 0.18515625 0.925 0.03203125 0.10390625
0 0.4765625 0.967578125 0.03203125 0.06484375
0 0.4671875 0.8296875 0.03203125 0.1078125
0 0.534765625 0.8421875 0.03671875 0.10234375
2 0.57578125 0.7703125 0.01640625 0.01953125
0 0.81015625 0.37890625 0.03125 0.09453125
