0 0.879296875 0.5265625 0.02890625 0.1234375
0 0.8625 0.6359375 0.0296875 0.13359375
0 0.825 0.7203125 0.028125 0.1109375
0 0.78828125 0.71953125 0.02421875 0.10859375
0 0.833203125 0.4765625 0.02578125 0.1234375
0 0.353515625 0.32421875 0.02421875 0.14375
0 0.453515625 0.615234375 0.0421875 0.0703125
0 0.5640625 0.8421875 0.03125 0.12109375
0 0.2359375 0.6328125 0.0421875 0.11875
2 0.16640625 0.659765625 0.0171875 0.0265625
0 0.271875 0.945703125 0.0484375 0.10859375
0 0.41796875 0.99375 0.0328125 0.0125
0 0.697265625 0.990625 0.03125 0.01875
