0 0.014453125 0.440234375 0.02890625 0.10390625
0 0.012109375 0.7171875 0.02421875 0.10625
0 0.198046875 0.51796875 0.03671875 0.11484375
0 0.2046875 0.61953125 0.0390625 0.125
0 0.232421875 0.7 0.034375 0.103125
0 0.26640625 0.70234375 0.03125 0.1015625
0 0.24453125 0.47578125 0.03359375 0.11484375
0 0.698046875 0.375 0.034375 0.13359375
0 0.5828125 0.63359375 0.04453125 0.06796875
0 0.462890625 0.833203125 0.03828125 0.11328125
0 0.78125 0.6671875 0.0484375 0.1125
2 0.84296875 0.69765625 0.01796875 0.0265625
0 0.722265625 0.95 0.05546875 0.1
0 0.584375 0.98828125 0.0328125 0.0234375
0 0.327734375 0.96796875 0.03203125 0.03984375
