0 0.92890625 0.4671875 0.03359375 0.1140625
0 0.802734375 0.465234375 0.02890625 0.1140625
0 0.75703125 0.56640625 0.02890625 0.11640625
0 0.716796875 0.458203125 0.0265625 0.10390625
0 0.56328125 0.55859375 0.025 0.10390625
0 0.5453125 0.55390625 0.02890625 0.1078125
0 0.8078125 0.76796875 0.03125 0.11015625
0 0.5390625 0.907421875 0.02890625 0.1328125
0 0.348828125 0.769140625 0.0328125 0.11640625
0 0.31015625 0.724609375 0.02890625 0.11171875
0 0.303515625 0.783203125 0.028125 0.125
0 0.208203125 0.8015625 0.03359375 0.11875
2 0.1921875 0.82109375 0.01484375 0.03203125
0 0.32421875 0.380859375 0.0359375 0.1140625
