0 0.119921875 0.414453125 0.0421875 0.11328125
0 0.242578125 0.42734375 0.0375 0.11328125
0 0.274609375 0.530859375 0.0375 0.11484375
0 0.3265625 0.43125 0.034375 0.10234375
0 0.46328125 0.546875 0.0328125 0.10234375
0 0.48125 0.54453125 0.03671875 0.10703125
0 0.201171875 0.7203125 0.03984375 0.109375
0 0.007421875 0.934375 0.01484375 0.0328125
0 0.444921875 0.887890625 0.03984375 0.13125
0 0.53828125 0.993359375 0.0421875 0.01328125
0 0.64609375 0.7765625 0.04140625 0.115625
0 0.6890625 0.737890625 0.0375 0.1109375
0 0.68828125 0.7953125 0.0375 0.12265625
0 0.778515625 0.824609375 0.04296875 0.1171875
2 0.7921875 0.845703125 0.0171875 0.03203125
0 0.71640625 0.403125 0.04453125 0.1140625
