0 0.924609375 0.41875 0.03515625 0.11328125
0 0.8 0.423046875 0.03046875 0.11328125
0 0.76015625 0.525390625 0.03046875 0.115625
0 0.714453125 0.420703125 0.028125 0.103125
0 0.568359375 0.527734375 0.0265625 0.10234375
0 0.549609375 0.52421875 0.03046875 0.10703125
0 0.820703125 0.721875 0.0328125 0.109375
0 0.996875 0.96015625 0.00625 0.0453125
0 0.56171875 0.873046875 0.03125 0.13203125
0 0.459375 0.983984375 0.0421875 0.03203125
0 0.366796875 0.746875 0.034375 0.115625
0 0.326171875 0.7046875 0.03046875 0.1109375
0 0.32265625 0.762890625 0.0296875 0.1234375
0 0.2296875 0.786328125 0.03515625 0.1171875
2 0.21484375 0.80625 0.01484375 0.03203125
0 0.32265625 0.36484375 0.0375 0.11328125
