0 0.9671875 0.559375 0.02734375 0.11796875
0 0.841796875 0.55703125 0.0296875 0.12265625
0 0.801953125 0.685546875 0.02734375 0.125
0 0.74609375 0.56328125 0.03125 0.11796875
0 0.621484375 0.669921875 0.0296875 0.1140625
0 0.5984375 0.668359375 0.0296875 0.109375
0 0.830859375 0.900390625 0.04609375 0.1203125
0 0.353125 0.5015625 0.02890625 0.11640625
0 0.390625 0.902734375 0.03125 0.12265625
0 0.341015625 0.908984375 0.034375 0.1375
0 0.355078125 0.94453125 0.02890625 0.1109375
0 0.19921875 0.93671875 0.046875 0.1265625
2 0.1875 0.921484375 0.01484375 0.03046875
