0 0.85546875 0.566796875 0.025 0.10625
0 0.741796875 0.5609375 0.02734375 0.1109375
0 0.70234375 0.675390625 0.025 0.1125
0 0.655078125 0.56328125 0.028125 0.10625
0 0.5390625 0.655859375 0.02734375 0.10234375
0 0.518359375 0.653515625 0.02734375 0.0984375
0 0.721484375 0.869921875 0.04140625 0.10859375
0 0.486328125 0.98515625 0.03359375 0.0296875
0 0.301953125 0.4953125 0.02578125 0.1046875
0 0.323046875 0.858203125 0.028125 0.1109375
0 0.278125 0.862109375 0.03046875 0.12421875
0 0.288671875 0.905859375 0.02734375 0.1203125
0 0.148828125 0.88359375 0.04296875 0.11640625
2 0.13828125 0.86875 0.0140625 0.02734375
