0 0.85546875 0.416796875 0.04921875 0.1140625
0 0.983984375 0.617578125 0.02578125 0.13359375
0 0.894140625 0.63671875 0.040625 0.1171875
0 0.851953125 0.638671875 0.0453125 0.1515625
2 0.83515625 0.74375 0.0171875 0.0296875
0 0.93984375 0.940234375 0.0453125 0.11953125
0 0.79921875 0.830859375 0.0484375 0.14609375
0 0.758984375 0.8046875 0.04765625 0.1328125
0 0.667578125 0.54609375 0.046875 0.12421875
0 0.6328125 0.423828125 0.0390625 0.12109375
0 0.59140625 0.921875 0.0515625 0.15078125
0 0.39609375 0.88671875 0.05078125 0.14140625
0 0.353515625 0.820703125 0.04609375 0.13671875
0 0.2203125 0.278125 0.0390625 0.12578125
0 0.14375 0.7890625 0.05703125 0.1359375
