0 0.0078125 0.426953125 0.015625 0.12734375
0 0.01015625 0.36484375 0.0203125 0.125
0 0.219921875 0.364453125 0.04609375 0.115625
0 0.0609375 0.638671875 0.0421875 0.1375
0 0.0703125 0.566796875 0.04296875 0.1375
0 0.17265625 0.588671875 0.0375 0.11953125
0 0.216015625 0.5921875 0.04140625 0.15546875
2 0.22890625 0.70078125 0.0171875 0.0296875
0 0.1125 0.909375 0.046875 0.1421875
0 0.2625 0.790625 0.0453125 0.14921875
0 0.3046875 0.765625 0.04375 0.1359375
0 0.407421875 0.504296875 0.04375 0.1265625
0 0.447265625 0.380078125 0.0359375 0.12421875
0 0.472265625 0.891796875 0.04765625 0.153125
0 0.673828125 0.862109375 0.046875 0.14453125
0 0.71953125 0.796875 0.04296875 0.13984375
0 0.875390625 0.2453125 0.0359375 0.128125
0 0.935546875 0.771484375 0.05390625 0.13828125
