0 0.029296875 0.67109375 0.03671875 0.1359375
0 0.041015625 0.855078125 0.034375 0.134375
0 0.199609375 0.8234375 0.03828125 0.13828125
0 0.17734375 0.492578125 0.034375 0.1296875
0 0.341796875 0.59453125 0.03515625 0.121875
0 0.369921875 0.952734375 0.04140625 0.09453125
0 0.41953125 0.958203125 0.0359375 0.08359375
0 0.541796875 0.53046875 0.03671875 0.12421875
0 0.6125 0.597265625 0.0375 0.115625
0 0.6171875 0.846875 0.03046875 0.12578125
0 0.838671875 0.599609375 0.03515625 0.103125
0 0.85859375 0.4203125 0.02578125 0.10703125
