0 0.994140625 0.7484375 0.01171875 0.13125
0 0.93984375 0.49140625 0.034375 0.11171875
0 0.95390625 0.59765625 0.034375 0.1296875
0 0.973828125 0.69609375 0.04375 0.12578125
0 0.8703125 0.7421875 0.046875 0.11953125
0 0.796484375 0.645703125 0.05234375 0.1125
0 0.833984375 0.931640625 0.04765625 0.10546875
0 0.79921875 0.8859375 0.05390625 0.1328125
0 0.831640625 0.221484375 0.03671875 0.1140625
0 0.78984375 0.423046875 0.0328125 0.11015625
0 0.687109375 0.619921875 0.0375 0.103125
2 0.67109375 0.665625 0.01875 0.03203125
0 0.478125 0.475 0.0375 0.1234375
0 0.489453125 0.99375 0.04609375 0.0125
0 0.428125 0.983203125 0.04375 0.03359375
0 0.19375 0.7359375 0.0359375 0.1234375
