0 0.029296875 0.8515625 0.0203125 0.128125
0 0.054296875 0.595703125 0.03515625 0.11015625
0 0.05390625 0.7 0.03515625 0.1265625
0 0.04609375 0.798046875 0.04453125 0.1234375
0 0.15234375 0.83046875 0.04765625 0.1171875
0 0.212890625 0.728125 0.05390625 0.1109375
0 0.20859375 0.97890625 0.0453125 0.0421875
0 0.23671875 0.946875 0.0546875 0.10625
0 0.127734375 0.320703125 0.0375 0.11171875
0 0.192578125 0.511328125 0.03359375 0.1078125
0 0.316015625 0.690234375 0.03828125 0.1015625
2 0.337109375 0.732421875 0.01875 0.03125
0 0.501953125 0.524609375 0.03828125 0.1203125
0 0.809765625 0.743359375 0.0375 0.1203125
