0 0.992578125 0.7453125 0.01484375 0.1296875
0 0.937109375 0.49140625 0.03359375 0.1109375
0 0.95078125 0.59609375 0.03359375 0.128125
0 0.970703125 0.69375 0.04296875 0.12421875
0 0.86796875 0.739453125 0.04609375 0.11796875
0 0.794921875 0.64375 0.05234375 0.11171875
0 0.832421875 0.929296875 0.04765625 0.11015625
0 0.79765625 0.880859375 0.053125 0.13125
0 0.830078125 0.224609375 0.0359375 0.11328125
0 0.78828125 0.423828125 0.0328125 0.10859375
0 0.687109375 0.618359375 0.03671875 0.10234375
2 0.670703125 0.66328125 0.01875 0.03125
0 0.480078125 0.475 0.03671875 0.121875
0 0.491015625 0.991015625 0.04609375 0.01796875
0 0.4296875 0.98046875 0.04375 0.0390625
0 0.198046875 0.7328125 0.0359375 0.121875
