0 0.151953125 0.805078125 0.04765625 0.1328125
0 0.53203125 0.912109375 0.034375 0.13203125
0 0.4390625 0.43671875 0.028125 0.12578125
0 0.01484375 0.393359375 0.0296875 0.12109375
0 0.287890625 0.71953125 0.03125 0.13515625
0 0.244921875 0.77421875 0.05234375 0.12734375
0 0.280859375 0.952734375 0.02890625 0.09453125
0 0.315234375 0.97109375 0.04453125 0.0578125
0 0.47578125 0.67890625 0.04609375 0.1109375
0 0.41328125 0.667578125 0.04375 0.09921875
2 0.381640625 0.698046875 0.01484375 0.02421875
