0 0.903515625 0.67578125 0.03515625 0.12578125
0 0.7421875 0.576953125 0.03203125 0.11953125
0 0.269140625 0.973046875 0.05390625 0.05390625
0 0.817578125 0.462890625 0.034375 0.10859375
0 0.7078125 0.70625 0.03046875 0.12421875
0 0.88671875 0.7625 0.02890625 0.1109375
0 0.63984375 0.748046875 0.04375 0.11796875
0 0.65234375 0.916015625 0.0359375 0.14453125
0 0.09609375 0.839453125 0.0390625 0.11171875
0 0.699609375 0.86953125 0.03984375 0.11953125
0 0.3109375 0.61640625 0.0640625 0.10703125
0 0.811328125 0.940625 0.04296875 0.10859375
0 0.98046875 0.203125 0.03046875 0.10546875
2 0.23203125 0.633984375 0.01875 0.02578125
