0 0.912890625 0.676953125 0.0390625 0.1328125
0 0.74921875 0.564453125 0.0359375 0.1265625
0 0.23203125 0.959375 0.0578125 0.06484375
0 0.834765625 0.448828125 0.0390625 0.11484375
0 0.70625 0.6984375 0.034375 0.13125
0 0.890625 0.767578125 0.03203125 0.1171875
0 0.632421875 0.738671875 0.04765625 0.125
0 0.6359375 0.916796875 0.040625 0.15234375
0 0.05703125 0.80546875 0.04296875 0.11875
0 0.68828125 0.86953125 0.04453125 0.1265625
0 0.29453125 0.582421875 0.06953125 0.1140625
0 0.801171875 0.946484375 0.04765625 0.10703125
2 0.2109375 0.59609375 0.01953125 0.028125
