0 0.32578125 0.95234375 0.0375 0.0953125
0 0.821484375 0.93671875 0.025 0.11796875
0 0.4890625 0.393359375 0.021875 0.0953125
0 0.050390625 0.9421875 0.02890625 0.115625
0 0.962890625 0.34765625 0.02890625 0.09375
0 0.7 0.586328125 0.03359375 0.0984375
0 0.916015625 0.76875 0.028125 0.115625
0 0.884375 0.746875 0.03125 0.11875
0 0.92265625 0.541796875 0.028125 0.109375
0 0.99296875 0.911328125 0.0140625 0.109375
0 0.92578125 0.099609375 0.021875 0.096875
0 0.62421875 0.645703125 0.0265625 0.109375
