0 0.78671875 0.735546875 0.0375 0.09765625
0 0.706640625 0.5796875 0.0296875 0.1171875
0 0.198828125 0.783203125 0.0296875 0.121875
0 0.1796875 0.946484375 0.0390625 0.10625
0 0.425 0.60703125 0.03125 0.0921875
0 0.419921875 0.70859375 0.0296875 0.09921875
0 0.162890625 0.373046875 0.021875 0.1015625
0 0.746484375 0.304296875 0.0296875 0.096875
0 0.017578125 0.941015625 0.025 0.11796875
0 0.86953125 0.695703125 0.0296875 0.0953125
0 0.18125 0.576953125 0.0265625 0.0984375
2 0.6890625 0.629296875 0.01640625 0.0203125
