0 0.16953125 0.912109375 0.0359375 0.13125
0 0.21640625 0.75078125 0.025 0.11640625
0 0.24609375 0.589453125 0.03203125 0.11015625
0 0.0625 0.87734375 0.03515625 0.11484375
0 0.708203125 0.888671875 0.03046875 0.13046875
0 0.65 0.679296875 0.040625 0.11015625
0 0.209375 0.31953125 0.025 0.1078125
0 0.408203125 0.737890625 0.0421875 0.10625
0 0.366015625 0.515625 0.04375 0.10078125
0 0.838671875 0.8546875 0.03984375 0.11171875
0 0.7265625 0.231640625 0.034375 0.0921875
2 0.353125 0.551171875 0.0171875 0.02421875
