0 0.75078125 0.9125 0.0390625 0.11640625
0 0.975 0.93515625 0.02734375 0.1234375
0 0.371875 0.885546875 0.03828125 0.1234375
0 0.08125 0.83828125 0.04375 0.125
0 0.437890625 0.389453125 0.02578125 0.1125
0 0.910546875 0.805078125 0.02890625 0.11640625
0 0.937890625 0.519921875 0.0265625 0.11171875
0 0.70859375 0.635546875 0.03046875 0.11015625
0 0.98515625 0.562890625 0.02890625 0.109375
0 0.963671875 0.3390625 0.02578125 0.10625
0 0.957421875 0.738671875 0.034375 0.121875
0 0.95390625 0.034765625 0.025 0.0546875
