0 0.217578125 0.937890625 0.04765625 0.12421875
0 0.248046875 0.773046875 0.034375 0.1234375
0 0.261328125 0.6015625 0.04140625 0.1171875
0 0.10234375 0.921484375 0.0453125 0.121875
0 0.773828125 0.862890625 0.04140625 0.13828125
0 0.690625 0.65078125 0.05078125 0.11796875
0 0.19375 0.32421875 0.034375 0.1140625
0 0.44609375 0.73828125 0.05234375 0.1140625
0 0.377734375 0.511328125 0.053125 0.10859375
0 0.90546875 0.813671875 0.05 0.11953125
0 0.72109375 0.1765625 0.0421875 0.0984375
2 0.368359375 0.55 0.01953125 0.0265625
