0 0.312109375 0.93125 0.03359375 0.090625
0 0.40703125 0.6875 0.0328125 0.10625
0 0.0421875 0.87109375 0.028125 0.0859375
0 0.475390625 0.86484375 0.0203125 0.08359375
0 0.73828125 0.965234375 0.034375 0.0625
0 0.216796875 0.8578125 0.02890625 0.09375
0 0.1859375 0.694921875 0.01953125 0.08203125
0 0.051171875 0.6640625 0.0265625 0.07578125
0 0.746875 0.77578125 0.03203125 0.0953125
0 0.04375 0.387109375 0.01875 0.06953125
0 0.408203125 0.659375 0.01640625 0.04375
0 0.198828125 0.707421875 0.03046875 0.078125
