0 0.0515625 0.95703125 0.034375 0.0859375
0 0.8921875 0.6328125 0.04296875 0.1140625
0 0.65078125 0.454296875 0.0359375 0.115625
0 0.81171875 0.893359375 0.0484375 0.13828125
0 0.09921875 0.36953125 0.0390625 0.10234375
0 0.551953125 0.6203125 0.046875 0.11640625
0 0.690234375 0.883203125 0.04375 0.125
0 0.98984375 0.413671875 0.01796875 0.10078125
0 0.72421875 0.922265625 0.04140625 0.121875
0 0.4796875 0.971875 0.028125 0.05625
0 0.503515625 0.9484375 0.03984375 0.103125
0 0.4625 0.976171875 0.0296875 0.04765625
