0 0.023046875 0.92734375 0.0421875 0.1140625
0 0.880078125 0.69921875 0.0359375 0.10859375
0 0.668359375 0.499609375 0.02890625 0.1109375
0 0.771484375 0.937109375 0.03984375 0.12578125
0 0.148828125 0.352734375 0.03203125 0.09765625
0 0.554296875 0.647265625 0.0390625 0.11171875
0 0.65625 0.916796875 0.0359375 0.11953125
0 0.996484375 0.5 0.00703125 0.096875
0 0.683984375 0.95 0.03359375 0.1
0 0.4421875 0.975 0.02421875 0.04765625
0 0.469140625 0.95390625 0.0328125 0.09140625
0 0.425390625 0.97734375 0.02578125 0.04140625
2 0.0375 0.977734375 0.01796875 0.01328125
