0 0.730859375 0.956640625 0.046875 0.0796875
0 0.920703125 0.8703125 0.03828125 0.13359375
0 0.093359375 0.620703125 0.0328125 0.10546875
0 0.524609375 0.998046875 0.02890625 0.00390625
0 0.3015625 0.43046875 0.0265625 0.1078125
0 0.194140625 0.85703125 0.03671875 0.128125
0 0.808203125 0.297265625 0.0296875 0.09453125
0 0.409765625 0.57578125 0.0359375 0.10703125
0 0.30625 0.83515625 0.03359375 0.115625
0 0.2796875 0.887890625 0.03046875 0.13359375
0 0.514453125 0.927734375 0.025 0.11015625
0 0.487890625 0.885546875 0.03203125 0.10859375
0 0.53046875 0.93125 0.02578125 0.10078125
2 0.905859375 0.909765625 0.01640625 0.01953125
