0 0.60546875 0.70625 0.03125 0.109375
0 0.66328125 0.865234375 0.03515625 0.10234375
0 0.6859375 0.672265625 0.03125 0.1109375
0 0.2328125 0.946484375 0.03359375 0.0984375
0 0.95234375 0.99375 0.0265625 0.0125
0 0.819921875 0.566796875 0.028125 0.10625
0 0.818359375 0.992578125 0.03515625 0.01484375
0 0.2453125 0.38671875 0.02265625 0.08359375
0 0.365234375 0.96953125 0.034375 0.05625
0 0.401171875 0.981640625 0.03359375 0.034375
0 0.924609375 0.894921875 0.03125 0.10546875
0 0.833203125 0.971875 0.02421875 0.05625
0 0.833984375 0.954296875 0.028125 0.06640625
