0 0.608984375 0.66328125 0.04140625 0.12421875
0 0.6890625 0.8359375 0.0453125 0.11640625
0 0.695703125 0.617578125 0.04140625 0.12578125
0 0.21640625 0.95625 0.0421875 0.0875
0 0.83515625 0.485546875 0.03828125 0.12109375
0 0.874609375 0.965625 0.03984375 0.02109375
0 0.17578125 0.33984375 0.03046875 0.0953125
0 0.3671875 0.974609375 0.040625 0.05078125
0 0.40859375 0.985546875 0.0390625 0.02890625
0 0.98125 0.843359375 0.0375 0.11953125
0 0.88984375 0.940625 0.03125 0.06796875
0 0.887890625 0.91875 0.0359375 0.07578125
