0 0.266796875 0.953125 0.03203125 0.09375
0 0.0375 0.903125 0.0484375 0.1265625
0 0.01328125 0.72109375 0.01640625 0.128125
0 0.430078125 0.881640625 0.03828125 0.1421875
0 0.79765625 0.95703125 0.0390625 0.0671875
0 0.517578125 0.97109375 0.0328125 0.0578125
0 0.167578125 0.983203125 0.03671875 0.03359375
0 0.290625 0.6859375 0.03203125 0.12578125
0 0.85 0.263671875 0.02890625 0.11484375
0 0.13046875 0.812109375 0.040625 0.128125
0 0.353125 0.94140625 0.0375 0.11328125
0 0.355859375 0.98125 0.03828125 0.0375
