0 0.80625 0.878515625 0.03671875 0.11171875
0 0.994921875 0.789453125 0.01015625 0.12109375
0 0.83828125 0.942578125 0.03671875 0.06171875
0 0.642578125 0.8171875 0.04296875 0.1359375
0 0.305078125 0.95 0.04453125 0.1
0 0.571875 0.940234375 0.03828125 0.1125
0 0.90546875 0.916796875 0.04140625 0.1015625
0 0.7515625 0.616796875 0.03671875 0.1203125
0 0.173828125 0.284375 0.0328125 0.11015625
0 0.917578125 0.7171875 0.04453125 0.12265625
0 0.690625 0.959765625 0.05625 0.05546875
0 0.721875 0.86484375 0.04140625 0.10859375
0 0.72578125 0.933984375 0.04296875 0.0984375
