0 0.619921875 0.945703125 0.02578125 0.10859375
0 0.322265625 0.8234375 0.02890625 0.125
0 0.2171875 0.746484375 0.0328125 0.128125
0 0.033203125 0.729296875 0.0359375 0.128125
0 0.877734375 0.243359375 0.025 0.1125
0 0.186328125 0.85546875 0.03515625 0.1359375
0 0.1390625 0.846875 0.03984375 0.125
0 0.35234375 0.944140625 0.0359375 0.10703125
0 0.058203125 0.96328125 0.03515625 0.05859375
0 0.025390625 0.980859375 0.04453125 0.02265625
0 0.23203125 0.9203125 0.03984375 0.12265625
0 0.286328125 0.967578125 0.0265625 0.05859375
0 0.311328125 0.923828125 0.02890625 0.12890625
2 0.204296875 0.84375 0.0140625 0.02890625
0 0.248046875 0.9453125 0.02890625 0.1015625
0 0.271875 0.947265625 0.02890625 0.0984375
