0 0.563671875 0.96328125 0.02890625 0.0734375
0 0.275 0.844140625 0.03515625 0.12421875
0 0.174609375 0.7625 0.0390625 0.128125
0 0.00703125 0.7328125 0.0140625 0.128125
0 0.85390625 0.300390625 0.03046875 0.1125
0 0.138671875 0.868359375 0.04140625 0.13515625
0 0.092578125 0.85703125 0.04609375 0.125
0 0.29921875 0.94921875 0.0390625 0.078125
0 0.0125 0.952734375 0.025 0.02890625
0 0.180859375 0.926171875 0.04453125 0.1078125
0 0.2328125 0.96875 0.02734375 0.02890625
0 0.258203125 0.9296875 0.034375 0.11015625
2 0.156640625 0.8578125 0.015625 0.02890625
0 0.196484375 0.9453125 0.03203125 0.07109375
0 0.21953125 0.9484375 0.03125 0.06796875
