0 0.32421875 0.928515625 0.0359375 0.1125
0 0.63984375 0.841015625 0.040625 0.128125
0 0.755859375 0.7765625 0.04453125 0.13203125
0 0.944140625 0.782421875 0.04765625 0.1328125
0 0.15078125 0.1890625 0.03515625 0.115625
0 0.7734375 0.890234375 0.046875 0.1390625
0 0.822265625 0.887109375 0.0515625 0.12890625
0 0.594921875 0.951171875 0.04609375 0.09765625
0 0.8890625 0.99140625 0.040625 0.0171875
0 0.71953125 0.94296875 0.0515625 0.1140625
0 0.658984375 0.9796875 0.03203125 0.040625
0 0.63828125 0.93828125 0.040625 0.1234375
2 0.75703125 0.87578125 0.0171875 0.03046875
0 0.700390625 0.959765625 0.03828125 0.08046875
0 0.675390625 0.96015625 0.03828125 0.0796875
