0 0.039453125 0.71796875 0.0296875 0.1203125
0 0.049609375 0.93203125 0.03125 0.1359375
0 0.0234375 0.973828125 0.03125 0.0515625
0 0.153125 0.982421875 0.0375 0.03515625
0 0.159765625 0.966796875 0.034375 0.06640625
0 0.221484375 0.919140625 0.03515625 0.1
0 0.242578125 0.940625 0.02109375 0.11875
0 0.264453125 0.95234375 0.02578125 0.0953125
0 0.275 0.972265625 0.0375 0.05546875
0 0.3046875 0.908984375 0.03046875 0.1359375
0 0.323828125 0.9484375 0.03046875 0.096875
0 0.349609375 0.93828125 0.0265625 0.11796875
0 0.3703125 0.940625 0.0296875 0.11796875
0 0.4015625 0.90078125 0.028125 0.1203125
0 0.870703125 0.244140625 0.025 0.096875
