0 0.3859375 0.908984375 0.03359375 0.09765625
0 0.46796875 0.666015625 0.03203125 0.0890625
0 0.52421875 0.60234375 0.0328125 0.09375
0 0.616796875 0.705859375 0.03984375 0.09375
0 0.74375 0.56875 0.02265625 0.0890625
0 0.775390625 0.61328125 0.02734375 0.084375
0 0.754296875 0.703515625 0.028125 0.0828125
0 0.6875 0.9421875 0.03671875 0.08984375
0 0.930859375 0.358203125 0.0359375 0.0703125
0 0.928515625 0.576171875 0.03359375 0.09375
0 0.96640625 0.709375 0.0359375 0.08515625
0 0.989453125 0.68671875 0.0078125 0.08515625
0 0.973828125 0.887109375 0.01875 0.10234375
