0 0.968359375 0.0375 0.01953125 0.075
0 0.953515625 0.02734375 0.04765625 0.0546875
0 0.87265625 0.013671875 0.034375 0.02734375
0 0.872265625 0.11171875 0.06796875 0.2
0 0.723828125 0.094140625 0.05078125 0.18828125
0 0.6421875 0.052734375 0.0578125 0.10546875
0 0.604296875 0.022265625 0.04765625 0.04453125
0 0.6265625 0.0921875 0.0484375 0.184375
0 0.590234375 0.10078125 0.04609375 0.2015625
0 0.56328125 0.11171875 0.04921875 0.20234375
0 0.526171875 0.123828125 0.059375 0.20703125
0 0.892578125 0.876953125 0.06640625 0.20859375
