0 0.0734375 0.5625 0.034375 0.103125
0 0.020703125 0.85 0.04140625 0.1171875
0 0.16953125 0.683203125 0.03125 0.0828125
0 0.16875 0.71171875 0.0296875 0.0984375
0 0.203125 0.583984375 0.0359375 0.0828125
0 0.2375 0.58984375 0.03203125 0.08515625
0 0.18046875 0.94453125 0.03046875 0.0703125
0 0.451171875 0.62734375 0.034375 0.103125
0 0.4171875 0.836328125 0.04765625 0.10625
0 0.5234375 0.869921875 0.03984375 0.10859375
0 0.68671875 0.558984375 0.0265625 0.09609375
0 0.726953125 0.752734375 0.03359375 0.103125
