0 0.09375 0.60546875 0.03984375 0.11328125
0 0.085546875 0.92578125 0.04921875 0.12890625
0 0.2171875 0.71953125 0.03515625 0.09140625
0 0.22109375 0.750390625 0.03359375 0.1078125
0 0.236328125 0.60625 0.040625 0.09140625
0 0.274609375 0.606640625 0.03671875 0.09375
0 0.27265625 0.98046875 0.0328125 0.0390625
0 0.51015625 0.6109375 0.03984375 0.11328125
0 0.509765625 0.842578125 0.05390625 0.1171875
0 0.62890625 0.8609375 0.04609375 0.11875
0 0.751171875 0.496875 0.03046875 0.10546875
0 0.827734375 0.699609375 0.03828125 0.11328125
