0 0.987109375 0.07265625 0.01328125 0.1453125
0 0.97421875 0.040625 0.0359375 0.08125
0 0.96015625 0.1359375 0.04765625 0.1796875
0 0.82890625 0.0515625 0.0296875 0.103125
0 0.71015625 0.118359375 0.05859375 0.16875
0 0.666796875 0.059765625 0.03359375 0.11953125
0 0.641796875 0.030859375 0.03046875 0.06171875
0 0.648046875 0.113671875 0.04296875 0.1796875
0 0.60859375 0.116796875 0.04453125 0.184375
0 0.580859375 0.12890625 0.03515625 0.1890625
0 0.553515625 0.139453125 0.0421875 0.18203125
0 0.873828125 0.826171875 0.05625 0.203125
