0 0.07890625 0.3421875 0.0453125 0.1828125
0 0.219921875 0.3265625 0.053125 0.175
0 0.0375 0.74453125 0.075 0.19375
0 0.192578125 0.025390625 0.03203125 0.05078125
0 0.248046875 0.004296875 0.03828125 0.00859375
0 0.287890625 0.096484375 0.05859375 0.1609375
0 0.329296875 0.071484375 0.04921875 0.14296875
0 0.349609375 0.0453125 0.04140625 0.090625
0 0.389453125 0.07109375 0.04921875 0.12734375
0 0.41484375 0.105078125 0.04921875 0.17265625
0 0.423046875 0.076171875 0.04296875 0.15234375
0 0.484375 0.07578125 0.0625 0.1515625
