0 0.916015625 0.6046875 0.03984375 0.14453125
0 0.99296875 0.86640625 0.0140625 0.1734375
0 0.828125 0.675 0.05078125 0.17109375
0 0.84140625 0.812890625 0.05078125 0.17109375
0 0.80546875 0.81796875 0.05390625 0.175
0 0.814453125 0.89453125 0.06015625 0.1625
0 0.74765625 0.962890625 0.03828125 0.03671875
0 0.688671875 0.9453125 0.05625 0.08359375
0 0.65234375 0.96875 0.03984375 0.04296875
0 0.65859375 0.844921875 0.05546875 0.16953125
0 0.521875 0.7671875 0.05078125 0.16640625
0 0.518359375 0.972265625 0.04453125 0.05546875
0 0.4828125 0.974609375 0.05 0.05078125
