0 0.97421875 0.86640625 0.0296875 0.10859375
0 0.898828125 0.863671875 0.02578125 0.090625
0 0.8796875 0.923828125 0.0328125 0.10625
0 0.7984375 0.96171875 0.02890625 0.0484375
0 0.851171875 0.678125 0.028125 0.090625
0 0.825390625 0.702734375 0.02734375 0.1015625
0 0.739453125 0.858203125 0.0296875 0.0953125
0 0.652734375 0.756640625 0.0296875 0.09765625
0 0.523828125 0.88046875 0.0390625 0.1046875
0 0.36328125 0.912890625 0.0328125 0.1109375
0 0.096484375 0.958203125 0.03359375 0.08359375
0 0.855078125 0.3453125 0.02734375 0.084375
