0 0.148046875 0.328515625 0.028125 0.07421875
0 0.08125 0.633203125 0.0265625 0.0890625
0 0.13046875 0.628125 0.02734375 0.0828125
0 0.04921875 0.785546875 0.0296875 0.1
0 0.106640625 0.811328125 0.03203125 0.09375
0 0.230859375 0.775 0.0328125 0.0875
0 0.16796875 0.949609375 0.03125 0.06875
0 0.22734375 0.937109375 0.0328125 0.08046875
0 0.381640625 0.709765625 0.02734375 0.09609375
0 0.46953125 0.7796875 0.028125 0.0984375
0 0.640234375 0.82734375 0.03359375 0.10078125
0 0.94453125 0.90625 0.03125 0.11171875
0 0.952734375 0.696484375 0.0234375 0.10234375
