0 0.083984375 0.77265625 0.0484375 0.1484375
0 0.1390625 0.5390625 0.04140625 0.12265625
0 0.25546875 0.4953125 0.03515625 0.13125
0 0.326953125 0.623828125 0.04765625 0.12265625
0 0.365625 0.59609375 0.040625 0.1453125
0 0.329296875 0.79140625 0.0421875 0.1515625
0 0.4265625 0.92890625 0.0453125 0.1390625
2 0.4203125 0.827734375 0.021875 0.03203125
0 0.590625 0.6890625 0.04609375 0.13125
0 0.655078125 0.628125 0.0453125 0.1375
0 0.787109375 0.443359375 0.0359375 0.12265625
0 0.816015625 0.678125 0.04296875 0.12265625
0 0.74921875 0.79609375 0.0421875 0.14296875
