0 0.06328125 0.7953125 0.05078125 0.14765625
0 0.121875 0.565625 0.04296875 0.121875
0 0.237890625 0.52421875 0.0375 0.1296875
0 0.30703125 0.65234375 0.04921875 0.121875
0 0.34609375 0.62578125 0.0421875 0.14453125
0 0.30625 0.81796875 0.04453125 0.15
0 0.4015625 0.941015625 0.0453125 0.11015625
2 0.395703125 0.85546875 0.02265625 0.03203125
0 0.567578125 0.721484375 0.0484375 0.13046875
0 0.6328125 0.662109375 0.046875 0.1359375
0 0.76640625 0.48203125 0.03828125 0.12109375
0 0.79140625 0.71484375 0.04453125 0.121875
0 0.7234375 0.8296875 0.04375 0.14140625
