0 0.08359375 0.779296875 0.0390625 0.1328125
0 0.126171875 0.56640625 0.03359375 0.109375
0 0.230078125 0.5234375 0.028125 0.1171875
0 0.29921875 0.637109375 0.0390625 0.109375
0 0.33359375 0.6109375 0.03203125 0.13046875
0 0.306640625 0.788671875 0.03359375 0.1359375
0 0.400390625 0.915234375 0.03671875 0.1328125
2 0.390234375 0.81875 0.01875 0.02890625
0 0.540625 0.687890625 0.0375 0.1171875
0 0.596875 0.63046875 0.0359375 0.12265625
0 0.7109375 0.459375 0.0296875 0.109375
0 0.74453125 0.67109375 0.03515625 0.109375
0 0.687890625 0.779296875 0.03359375 0.128125
