0 0.771875 0.864453125 0.03203125 0.1015625
0 0.517578125 0.896484375 0.0453125 0.07734375
0 0.48671875 0.94375 0.03046875 0.11171875
2 0.49296875 0.977734375 0.01484375 0.02734375
0 0.44765625 0.79140625 0.03359375 0.1015625
0 0.41015625 0.758984375 0.0390625 0.09765625
0 0.061328125 0.705078125 0.025 0.0953125
0 0.05 0.694140625 0.0203125 0.0953125
0 0.147265625 0.835546875 0.02421875 0.11171875
0 0.15078125 0.92578125 0.034375 0.09921875
0 0.04765625 0.827734375 0.034375 0.09140625
0 0.026953125 0.820703125 0.03125 0.09921875
