0 0.130859375 0.86328125 0.03515625 0.115625
0 0.417578125 0.91484375 0.05 0.0875
0 0.448828125 0.952734375 0.03046875 0.09375
2 0.440234375 0.99609375 0.01640625 0.00625
0 0.503125 0.79921875 0.0359375 0.115625
0 0.54765625 0.76484375 0.0421875 0.1109375
0 0.946875 0.723828125 0.0265625 0.10859375
0 0.96015625 0.7125 0.02109375 0.1078125
0 0.841015625 0.8671875 0.02578125 0.1265625
0 0.83203125 0.95625 0.0375 0.0875
0 0.955078125 0.864453125 0.0375 0.10390625
0 0.978515625 0.85625 0.03203125 0.1125
