0 0.165625 0.850390625 0.03359375 0.1125
0 0.445703125 0.89140625 0.0484375 0.08515625
0 0.477734375 0.940625 0.03046875 0.11875
2 0.471484375 0.98203125 0.015625 0.0296875
0 0.525 0.77578125 0.03515625 0.1125
0 0.567578125 0.740625 0.04140625 0.1078125
0 0.95390625 0.687109375 0.02578125 0.10546875
0 0.966015625 0.675390625 0.02109375 0.10546875
0 0.855859375 0.83046875 0.025 0.1234375
0 0.850390625 0.93125 0.0359375 0.11015625
0 0.96640625 0.823828125 0.0359375 0.10078125
0 0.98671875 0.816015625 0.0265625 0.11015625
