0 0.85390625 0.981640625 0.0296875 0.03671875
0 0.81953125 0.80546875 0.0375 0.10859375
0 0.796484375 0.755859375 0.04140625 0.09921875
0 0.769921875 0.99921875 0.03671875 0.0015625
0 0.22890625 0.167578125 0.02890625 0.08515625
0 0.475390625 0.557421875 0.02578125 0.09921875
0 0.45 0.923828125 0.02421875 0.10859375
0 0.233203125 0.530859375 0.03203125 0.1015625
0 0.228515625 0.56484375 0.03984375 0.09921875
0 0.2015625 0.778515625 0.03828125 0.09921875
0 0.19375 0.949609375 0.028125 0.090625
0 0.137890625 0.8796875 0.028125 0.115625
0 0.0953125 0.726171875 0.03203125 0.1015625
0 0.01328125 0.52421875 0.0265625 0.078125
0 0.0453125 0.97421875 0.03046875 0.0359375
