0 0.849609375 0.848828125 0.04765625 0.1140625
0 0.8296875 0.795703125 0.05078125 0.1046875
0 0.303515625 0.14453125 0.03671875 0.0890625
0 0.520703125 0.564453125 0.034375 0.103125
0 0.462109375 0.93671875 0.034375 0.1125
0 0.27578125 0.516015625 0.04140625 0.10625
0 0.267578125 0.550390625 0.04921875 0.1046875
0 0.221484375 0.766015625 0.0484375 0.1046875
0 0.198828125 0.932421875 0.03515625 0.07890625
0 0.14765625 0.863671875 0.0390625 0.1203125
0 0.117578125 0.703125 0.04140625 0.10625
0 0.04765625 0.491015625 0.0421875 0.08515625
0 0.0453125 0.944140625 0.0328125 0.025
