0 0.948046875 0.919140625 0.04375 0.08984375
0 0.7546875 0.948828125 0.03515625 0.0640625
0 0.491015625 0.855859375 0.034375 0.11640625
0 0.015625 0.209765625 0.0265625 0.0859375
0 0.351171875 0.703515625 0.0515625 0.09765625
0 0.311328125 0.6578125 0.03515625 0.0984375
2 0.29765625 0.69453125 0.0140625 0.03046875
0 0.4203125 0.902734375 0.03828125 0.11484375
0 0.392578125 0.99375 0.03359375 0.0125
0 0.008984375 0.555078125 0.01796875 0.09296875
0 0.030078125 0.75 0.02890625 0.1046875
0 0.07578125 0.952734375 0.0390625 0.09453125
