0 0.048828125 0.93125 0.04140625 0.07890625
0 0.24453125 0.9578125 0.03359375 0.053125
0 0.50859375 0.865234375 0.0328125 0.1171875
0 0.97734375 0.203125 0.02578125 0.08671875
0 0.647265625 0.70859375 0.05078125 0.0984375
0 0.686328125 0.6609375 0.034375 0.09921875
2 0.70078125 0.698046875 0.0140625 0.03046875
0 0.58046875 0.9109375 0.03671875 0.115625
0 0.6109375 0.998046875 0.0328125 0.00390625
0 0.990625 0.551953125 0.01875 0.09453125
0 0.972265625 0.74921875 0.0296875 0.10625
0 0.929296875 0.95390625 0.03828125 0.0921875
