0 0.003515625 0.520703125 0.00703125 0.09296875
0 0.0046875 0.71796875 0.003125 0.10390625
0 0.02890625 0.78359375 0.02578125 0.08828125
0 0.03828125 0.886328125 0.0328125 0.109375
0 0.017578125 0.89453125 0.0234375 0.0921875
0 0.133984375 0.9875 0.03046875 0.025
0 0.4 0.8015625 0.03671875 0.1
0 0.4375 0.60078125 0.03046875 0.10234375
0 0.446484375 0.99765625 0.03515625 0.0046875
0 0.467578125 0.97890625 0.02421875 0.0421875
0 0.77421875 0.965625 0.0296875 0.059375
0 0.830078125 0.4484375 0.0265625 0.10234375
