0 0.09609375 0.9609375 0.0375 0.078125
0 0.2921875 0.971875 0.03125 0.05625
0 0.546484375 0.85546875 0.0265625 0.11640625
0 0.954296875 0.158984375 0.02109375 0.0859375
0 0.6703125 0.687890625 0.04609375 0.0953125
0 0.705078125 0.637890625 0.02890625 0.09765625
2 0.72265625 0.673046875 0.0125 0.03046875
0 0.621875 0.89453125 0.03046875 0.1140625
0 0.660546875 0.9875 0.03203125 0.0203125
0 0.995703125 0.503515625 0.00859375 0.09296875
0 0.9921875 0.700390625 0.015625 0.10390625
0 0.972265625 0.911328125 0.0328125 0.1
0 0.930078125 0.985546875 0.02734375 0.01484375
