0 0.022265625 0.984765625 0.02890625 0.03046875
0 0.051171875 0.641015625 0.02578125 0.08671875
0 0.1 0.719921875 0.025 0.090625
0 0.149609375 0.770703125 0.02265625 0.0859375
2 0.17265625 0.78828125 0.01171875 0.02421875
0 0.176953125 0.843359375 0.0390625 0.090625
0 0.13828125 0.95859375 0.028125 0.0828125
0 0.301171875 0.69453125 0.02734375 0.0953125
0 0.3953125 0.745703125 0.02578125 0.08046875
0 0.3359375 0.99375 0.028125 0.0125
0 0.368359375 0.984375 0.02578125 0.03125
0 0.725 0.59375 0.02421875 0.096875
0 0.807421875 0.972265625 0.02265625 0.04453125
