0 0.9703125 0.585546875 0.028125 0.08515625
0 0.928125 0.665625 0.0265625 0.0890625
0 0.883203125 0.718359375 0.02578125 0.08515625
2 0.862109375 0.737109375 0.01171875 0.0234375
0 0.861328125 0.791015625 0.040625 0.08984375
0 0.90625 0.915625 0.03125 0.10859375
0 0.73046875 0.655078125 0.0296875 0.09375
0 0.641796875 0.7109375 0.02734375 0.07890625
0 0.7171875 0.96640625 0.0296875 0.04765625
0 0.684765625 0.959375 0.02734375 0.06484375
0 0.31015625 0.585546875 0.02734375 0.0953125
0 0.25625 0.96875 0.025 0.0625
