0 0.119921875 0.805078125 0.04609375 0.1078125
0 0.321484375 0.687890625 0.046875 0.103125
0 0.39609375 0.66953125 0.03828125 0.09609375
0 0.441796875 0.89140625 0.04921875 0.1203125
0 0.5890625 0.673828125 0.034375 0.10859375
0 0.605078125 0.912890625 0.05234375 0.1140625
0 0.657421875 0.9578125 0.04609375 0.084375
0 0.79453125 0.80859375 0.03515625 0.11484375
0 0.873828125 0.86796875 0.046875 0.08828125
0 0.976171875 0.426171875 0.0421875 0.08984375
0 0.923828125 0.701171875 0.040625 0.10859375
