0 0.24609375 0.949609375 0.0359375 0.10078125
0 0.431640625 0.98515625 0.04140625 0.0296875
0 0.536328125 0.76015625 0.03125 0.1046875
0 0.63359375 0.5546875 0.0234375 0.1046875
0 0.6546875 0.794921875 0.0265625 0.10234375
0 0.982421875 0.08203125 0.00859375 0.07578125
0 0.987109375 0.466015625 0.02578125 0.08984375
0 0.996875 0.494921875 0.00625 0.09765625
0 0.95703125 0.68203125 0.0296875 0.09140625
0 0.747265625 0.887109375 0.03515625 0.11640625
0 0.983984375 0.778515625 0.02734375 0.10078125
0 0.983203125 0.93828125 0.03359375 0.090625
0 0.98828125 0.98046875 0.0234375 0.00625
