0 0.035546875 0.627734375 0.03046875 0.115625
0 0.10703125 0.264453125 0.0328125 0.1015625
0 0.160546875 0.278125 0.0328125 0.1015625
0 0.308203125 0.46875 0.03046875 0.10859375
0 0.389453125 0.2984375 0.0328125 0.1109375
0 0.437109375 0.321484375 0.0328125 0.1109375
0 0.72578125 0.313671875 0.02890625 0.10859375
0 0.655078125 0.661328125 0.03671875 0.1296875
0 0.578515625 0.6609375 0.0390625 0.1296875
0 0.557421875 0.744140625 0.03984375 0.1109375
0 0.79453125 0.843359375 0.03828125 0.13984375
0 0.154296875 0.844921875 0.05 0.13515625
0 0.215625 0.821875 0.034375 0.1421875
