0 0.00859375 0.630078125 0.0125 0.121875
0 0.0484375 0.246484375 0.034375 0.10625
0 0.105078125 0.25703125 0.034375 0.10625
0 0.273046875 0.4453125 0.03203125 0.1140625
0 0.344921875 0.2609375 0.034375 0.11640625
0 0.39609375 0.28203125 0.034375 0.11640625
0 0.69609375 0.252734375 0.03046875 0.1140625
0 0.648046875 0.621875 0.03828125 0.1359375
0 0.56796875 0.626953125 0.04140625 0.13671875
0 0.55234375 0.715625 0.04140625 0.11640625
0 0.806640625 0.8015625 0.03984375 0.14609375
0 0.13984375 0.850390625 0.05234375 0.1421875
0 0.2015625 0.821484375 0.0359375 0.1484375
