0 0.929296875 0.71328125 0.0390625 0.11875
0 0.908203125 0.33671875 0.03984375 0.1046875
0 0.852734375 0.343359375 0.03984375 0.1046875
0 0.676953125 0.514453125 0.03828125 0.11171875
0 0.61953125 0.33125 0.04140625 0.1140625
0 0.568359375 0.34765625 0.04140625 0.1140625
0 0.27890625 0.298828125 0.03671875 0.11171875
0 0.30078125 0.659375 0.04609375 0.13359375
0 0.378125 0.669921875 0.0484375 0.134375
0 0.3875 0.75625 0.0484375 0.11484375
0 0.134375 0.823046875 0.0484375 0.14375
0 0.77890625 0.91484375 0.06015625 0.140625
0 0.720703125 0.883203125 0.04453125 0.1453125
