0 0.458203125 0.4171875 0.034375 0.0921875
2 0.443359375 0.454296875 0.0171875 0.0265625
0 0.47578125 0.424609375 0.0296875 0.1
0 0.448828125 0.659375 0.04921875 0.1234375
0 0.6046875 0.636328125 0.040625 0.1203125
0 0.617578125 0.519140625 0.04140625 0.11328125
0 0.78359375 0.551171875 0.0453125 0.11328125
0 0.754296875 0.941015625 0.04140625 0.11796875
0 0.707421875 0.9640625 0.04921875 0.071875
0 0.855078125 0.542578125 0.03359375 0.1
0 0.912109375 0.655078125 0.0375 0.11015625
0 0.866796875 0.74140625 0.04453125 0.11796875
