0 0.68125 0.54921875 0.03359375 0.1171875
2 0.65546875 0.600390625 0.01484375 0.0296875
0 0.641015625 0.801953125 0.03828125 0.1328125
0 0.575390625 0.5828125 0.04140625 0.1015625
0 0.5203125 0.515625 0.04921875 0.1109375
0 0.4890625 0.57265625 0.03359375 0.12109375
0 0.4703125 0.539453125 0.04140625 0.10625
0 0.4484375 0.59140625 0.03515625 0.1015625
0 0.259375 0.649609375 0.04140625 0.13046875
0 0.2171875 0.815234375 0.04140625 0.1328125
0 0.3453125 0.96015625 0.0375 0.06640625
0 0.07421875 0.621875 0.040625 0.13046875
