0 0.316796875 0.574609375 0.034375 0.11484375
2 0.342578125 0.62421875 0.01484375 0.02890625
0 0.36015625 0.82109375 0.0390625 0.1296875
0 0.42109375 0.60546875 0.0421875 0.1
0 0.47421875 0.538671875 0.05 0.10859375
0 0.50546875 0.59453125 0.03515625 0.11875
0 0.5234375 0.561328125 0.0421875 0.10390625
0 0.545703125 0.612109375 0.0359375 0.09921875
0 0.73203125 0.665625 0.04296875 0.128125
0 0.7765625 0.8265625 0.04296875 0.13046875
0 0.652734375 0.96484375 0.03671875 0.05390625
0 0.91328125 0.63515625 0.04140625 0.128125
