0 0.71875 0.52421875 0.040625 0.12734375
2 0.688671875 0.578515625 0.0171875 0.0328125
0 0.666015625 0.79609375 0.04609375 0.14453125
0 0.602734375 0.556640625 0.0484375 0.1109375
0 0.54609375 0.48125 0.05703125 0.121875
0 0.51015625 0.5421875 0.040625 0.13203125
0 0.491015625 0.50546875 0.0484375 0.115625
0 0.465234375 0.561328125 0.04140625 0.1109375
0 0.258984375 0.616796875 0.04921875 0.1421875
0 0.206640625 0.79453125 0.05 0.14453125
0 0.340234375 0.9546875 0.04296875 0.06953125
0 0.059765625 0.580078125 0.0484375 0.1421875
