0 0.75078125 0.57265625 0.04296875 0.11953125
0 0.744921875 0.82109375 0.05078125 0.11796875
0 0.6859375 0.771875 0.04765625 0.1296875
2 0.65859375 0.89921875 0.01796875 0.03046875
0 0.57421875 0.58984375 0.0390625 0.12734375
0 0.557421875 0.69296875 0.0484375 0.12578125
0 0.46875 0.631640625 0.04140625 0.1125
0 0.417578125 0.769140625 0.0421875 0.115625
0 0.4015625 0.801171875 0.04296875 0.121875
0 0.297265625 0.922265625 0.0421875 0.1234375
0 0.121875 0.716796875 0.03984375 0.1125
0 0.042578125 0.801953125 0.046875 0.12578125
