0 0.7578125 0.61796875 0.03984375 0.12109375
0 0.71640625 0.86796875 0.04765625 0.11875
0 0.66484375 0.809765625 0.04375 0.13125
2 0.61875 0.933984375 0.0171875 0.03046875
0 0.577734375 0.6109375 0.03515625 0.12890625
0 0.546484375 0.712109375 0.04453125 0.12734375
0 0.465625 0.637890625 0.0375 0.1140625
0 0.3953125 0.769140625 0.0390625 0.11640625
0 0.374609375 0.798828125 0.03984375 0.12265625
0 0.25234375 0.90625 0.03828125 0.12421875
0 0.1046875 0.67421875 0.03671875 0.1140625
0 0.016015625 0.75078125 0.03203125 0.125
