0 0.740234375 0.602734375 0.0328125 0.1171875
0 0.7125 0.85 0.040625 0.11484375
0 0.65859375 0.795703125 0.0359375 0.12734375
2 0.619921875 0.919921875 0.015625 0.0296875
0 0.562890625 0.6046875 0.028125 0.125
0 0.537109375 0.705859375 0.0375 0.1234375
0 0.454296875 0.637109375 0.03125 0.1109375
0 0.39140625 0.76953125 0.0328125 0.1125
0 0.37265625 0.8 0.0328125 0.11875
0 0.258203125 0.91171875 0.03125 0.12109375
0 0.101171875 0.69140625 0.03046875 0.1109375
0 0.016015625 0.769921875 0.03203125 0.1234375
