0 0.92578125 0.8296875 0.03828125 0.1203125
0 0.83046875 0.509375 0.0328125 0.10703125
0 0.648046875 0.678515625 0.040625 0.12109375
0 0.57265625 0.596875 0.03203125 0.11171875
0 0.425390625 0.530078125 0.02578125 0.10703125
0 0.54375 0.75703125 0.034375 0.109375
0 0.5109375 0.880078125 0.0359375 0.11796875
0 0.359765625 0.7734375 0.03203125 0.103125
0 0.166796875 0.65859375 0.03203125 0.11640625
0 0.248828125 0.961328125 0.03515625 0.07734375
0 0.11484375 0.593359375 0.0328125 0.103125
0 0.028515625 0.56328125 0.034375 0.11171875
