0 0.060546875 0.81484375 0.04921875 0.1359375
0 0.185546875 0.463671875 0.04296875 0.12109375
0 0.377734375 0.662890625 0.05234375 0.1359375
0 0.46640625 0.57578125 0.0421875 0.12578125
0 0.63359375 0.510546875 0.034375 0.1203125
0 0.4890625 0.756640625 0.04453125 0.1234375
0 0.518359375 0.8953125 0.04609375 0.13359375
0 0.691796875 0.78515625 0.040625 0.115625
0 0.91328125 0.668359375 0.0421875 0.13046875
0 0.804296875 0.978515625 0.04140625 0.04296875
0 0.974609375 0.5984375 0.0421875 0.11640625
