0 0.084765625 0.96015625 0.03984375 0.0796875
0 0.26328125 0.73828125 0.028125 0.1015625
0 0.346484375 0.554296875 0.025 0.08046875
0 0.46953125 0.625 0.03046875 0.09921875
0 0.47421875 0.65546875 0.03203125 0.09453125
0 0.568359375 0.666796875 0.03046875 0.1015625
0 0.572265625 0.790625 0.0359375 0.11328125
2 0.56875 0.815234375 0.01328125 0.02578125
0 0.68203125 0.77890625 0.034375 0.10390625
0 0.661328125 0.606640625 0.03046875 0.0921875
0 0.6609375 0.53828125 0.0265625 0.096875
0 0.718359375 0.62890625 0.03515625 0.0828125
0 0.903125 0.609375 0.0265625 0.1015625
0 0.925390625 0.501953125 0.025 0.08515625
0 0.983984375 0.9484375 0.03203125 0.0875
