0 0.948046875 0.925 0.04609375 0.10625
0 0.744140625 0.69375 0.03359375 0.10859375
0 0.6421875 0.50625 0.0296875 0.0859375
0 0.518359375 0.58984375 0.0359375 0.10546875
0 0.515234375 0.622265625 0.0375 0.10078125
0 0.416796875 0.64140625 0.0359375 0.10859375
0 0.421875 0.771484375 0.0421875 0.12109375
2 0.427734375 0.79765625 0.01484375 0.028125
0 0.30546875 0.76796875 0.040625 0.1109375
0 0.31484375 0.584375 0.03515625 0.0984375
0 0.31015625 0.5125 0.03125 0.103125
0 0.25625 0.6125 0.040625 0.0890625
0 0.060546875 0.605078125 0.03203125 0.10859375
0 0.02890625 0.49375 0.0296875 0.090625
