0 0.176953125 0.983203125 0.04453125 0.03359375
0 0.34453125 0.76796875 0.0359375 0.10625
0 0.41796875 0.573046875 0.03125 0.084375
0 0.5484375 0.637109375 0.03828125 0.10390625
0 0.555859375 0.66796875 0.03984375 0.09921875
0 0.65390625 0.67265625 0.03828125 0.10625
0 0.666015625 0.799609375 0.0453125 0.11875
2 0.664453125 0.825 0.015625 0.02734375
0 0.778515625 0.780078125 0.04296875 0.109375
0 0.744921875 0.60390625 0.0375 0.096875
0 0.739453125 0.533984375 0.034375 0.10078125
0 0.8046875 0.623046875 0.0421875 0.0875
0 0.98828125 0.5890625 0.0234375 0.10625
