0 0.338671875 0.594140625 0.04765625 0.09453125
0 0.371484375 0.596484375 0.05 0.10390625
0 0.447265625 0.611328125 0.0375 0.1046875
0 0.346875 0.91015625 0.040625 0.12421875
0 0.540625 0.4921875 0.0328125 0.08984375
0 0.54921875 0.665625 0.03671875 0.1109375
0 0.609765625 0.71953125 0.034375 0.1109375
0 0.628125 0.9078125 0.04375 0.11171875
0 0.767578125 0.5890625 0.0328125 0.09609375
0 0.86640625 0.662109375 0.0359375 0.11796875
0 0.875390625 0.624609375 0.03125 0.11328125
0 0.91328125 0.520703125 0.034375 0.10078125
0 0.96484375 0.550390625 0.0375 0.1109375
