0 0.678515625 0.61640625 0.05 0.09921875
0 0.644140625 0.617578125 0.05390625 0.1078125
0 0.566015625 0.63203125 0.03984375 0.10859375
0 0.663671875 0.9390625 0.04453125 0.121875
0 0.471484375 0.50703125 0.03515625 0.09296875
0 0.459375 0.686328125 0.0390625 0.115625
0 0.39609375 0.741015625 0.0375 0.11484375
0 0.375 0.93359375 0.04609375 0.11640625
0 0.23515625 0.603125 0.0359375 0.1
0 0.13203125 0.676953125 0.0390625 0.121875
0 0.123828125 0.637890625 0.034375 0.1171875
0 0.0859375 0.530078125 0.0375 0.1046875
0 0.032421875 0.559765625 0.040625 0.115625
