0 0.33359375 0.39609375 0.0359375 0.10859375
0 0.39921875 0.348046875 0.04296875 0.0515625
0 0.460546875 0.380078125 0.04375 0.1546875
0 0.47890625 0.38125 0.03984375 0.1171875
0 0.498828125 0.4546875 0.03359375 0.1125
0 0.53125 0.43359375 0.0359375 0.1171875
0 0.5921875 0.34375 0.0390625 0.11328125
0 0.616015625 0.467578125 0.0328125 0.12734375
0 0.38828125 0.775390625 0.046875 0.1421875
0 0.70625 0.76640625 0.0453125 0.13203125
0 0.908984375 0.441015625 0.0328125 0.1171875
0 0.9296875 0.93046875 0.0390625 0.1390625
