0 0.66484375 0.4015625 0.0296875 0.1078125
0 0.601171875 0.35 0.040625 0.05
0 0.53828125 0.37890625 0.0359375 0.153125
0 0.51953125 0.37890625 0.03359375 0.11640625
0 0.495703125 0.4515625 0.028125 0.1125
0 0.4640625 0.42890625 0.0296875 0.11640625
0 0.407421875 0.33515625 0.03359375 0.1125
0 0.376953125 0.458984375 0.0265625 0.1265625
0 0.590234375 0.7796875 0.0390625 0.140625
0 0.270703125 0.753515625 0.0390625 0.13125
0 0.083984375 0.41640625 0.0265625 0.11640625
0 0.0375 0.91328125 0.03125 0.1515625
