0 0.995703125 0.6265625 0.00859375 0.15
0 0.86171875 0.583203125 0.0375 0.14453125
0 0.797265625 0.64609375 0.0421875 0.1515625
0 0.744921875 0.487109375 0.0296875 0.13515625
0 0.75 0.55859375 0.0328125 0.146875
0 0.71015625 0.576953125 0.0390625 0.13515625
0 0.7703125 0.7765625 0.04375 0.15625
0 0.74921875 0.883984375 0.03984375 0.16484375
0 0.531640625 0.375 0.059375 0.165625
0 0.51171875 0.56015625 0.04453125 0.1515625
0 0.4828125 0.862890625 0.0453125 0.171875
0 0.55703125 0.97734375 0.0484375 0.04375
0 0.380859375 0.805859375 0.0515625 0.16953125
0 0.33046875 0.582421875 0.03984375 0.16015625
0 0.287890625 0.562109375 0.0328125 0.153125
0 0.25390625 0.5828125 0.0453125 0.1609375
0 0.083984375 0.57265625 0.04453125 0.1515625
