0 0.875390625 0.59765625 0.04453125 0.15
0 0.810546875 0.664453125 0.04921875 0.15703125
0 0.75078125 0.502734375 0.0359375 0.13984375
0 0.75859375 0.576171875 0.0390625 0.1515625
0 0.71875 0.596875 0.0453125 0.140625
0 0.7875 0.8 0.05078125 0.16171875
0 0.770703125 0.903125 0.04609375 0.16015625
0 0.5265625 0.3953125 0.06640625 0.171875
0 0.512890625 0.586328125 0.0515625 0.15703125
0 0.49375 0.899609375 0.053125 0.178125
0 0.3859375 0.84453125 0.059375 0.1765625
0 0.32578125 0.616015625 0.046875 0.16640625
0 0.281640625 0.596875 0.03984375 0.15859375
0 0.246875 0.619140625 0.05234375 0.16640625
0 0.070703125 0.61484375 0.0515625 0.15703125
