0 0.025 0.651953125 0.046875 0.140625
0 0.169921875 0.60859375 0.0328125 0.134375
0 0.23125 0.666015625 0.03671875 0.140625
0 0.277734375 0.5171875 0.02578125 0.12578125
0 0.27421875 0.583984375 0.02890625 0.13671875
0 0.311328125 0.60078125 0.034375 0.12578125
0 0.25859375 0.7875 0.03828125 0.14453125
0 0.28046875 0.8875 0.034375 0.153125
0 0.47578125 0.409375 0.05234375 0.15390625
0 0.496875 0.581640625 0.0390625 0.140625
0 0.529296875 0.86328125 0.03984375 0.16015625
0 0.462109375 0.975390625 0.0453125 0.0484375
0 0.623828125 0.808984375 0.0453125 0.1578125
0 0.66796875 0.599609375 0.034375 0.14921875
0 0.70703125 0.5796875 0.02890625 0.14296875
0 0.739453125 0.598828125 0.0390625 0.14921875
0 0.8984375 0.58671875 0.0390625 0.140625
