0 0.163671875 0.5984375 0.04375 0.1515625
0 0.21640625 0.806640625 0.03828125 0.1515625
0 0.24921875 0.76953125 0.0390625 0.1625
0 0.355859375 0.949609375 0.04375 0.08828125
0 0.277734375 0.584765625 0.04375 0.14765625
0 0.330859375 0.591796875 0.04375 0.1515625
0 0.344921875 0.5703125 0.0296875 0.1375
0 0.398046875 0.58671875 0.04609375 0.1515625
0 0.436328125 0.55 0.05625 0.15
0 0.466015625 0.41875 0.05234375 0.1546875
0 0.55390625 0.595703125 0.0375 0.14921875
0 0.6234375 0.56953125 0.03984375 0.1515625
0 0.55234375 0.7703125 0.0453125 0.16328125
0 0.628515625 0.73671875 0.05078125 0.16796875
0 0.67578125 0.5890625 0.0484375 0.15390625
0 0.719921875 0.633203125 0.03984375 0.14453125
0 0.76953125 0.65234375 0.053125 0.15234375
