0 0.17109375 0.6546875 0.0453125 0.15703125
0 0.24765625 0.86328125 0.03984375 0.15703125
0 0.27734375 0.821875 0.040625 0.16796875
0 0.40546875 0.97421875 0.04375 0.0515625
0 0.286328125 0.628125 0.0453125 0.15234375
0 0.341796875 0.630078125 0.0453125 0.15703125
0 0.354296875 0.60625 0.03046875 0.14296875
0 0.410546875 0.616796875 0.04765625 0.15703125
0 0.445703125 0.575390625 0.0578125 0.15546875
0 0.462109375 0.437109375 0.05390625 0.159375
0 0.571484375 0.609765625 0.03828125 0.1546875
0 0.640625 0.575 0.04140625 0.15703125
0 0.588671875 0.789453125 0.046875 0.16875
0 0.663671875 0.746875 0.05234375 0.1734375
0 0.695703125 0.589453125 0.05 0.159375
0 0.745703125 0.63046875 0.040625 0.15
0 0.7984375 0.644921875 0.05546875 0.1578125
