0 0.843359375 0.6171875 0.05 0.16484375
0 0.790625 0.844140625 0.04453125 0.16484375
0 0.7546875 0.8046875 0.0453125 0.1765625
0 0.641015625 0.973046875 0.04453125 0.0390625
0 0.7203125 0.60390625 0.05 0.16015625
0 0.66328125 0.61328125 0.05 0.16484375
0 0.64765625 0.58984375 0.034375 0.15
0 0.590625 0.608203125 0.05234375 0.165625
0 0.548828125 0.56953125 0.06328125 0.1640625
0 0.5140625 0.427734375 0.059375 0.16796875
0 0.42265625 0.621484375 0.04296875 0.1625
0 0.347265625 0.59453125 0.04609375 0.16484375
0 0.428125 0.8109375 0.05234375 0.17734375
0 0.344921875 0.775390625 0.0578125 0.18203125
0 0.29140625 0.61640625 0.05546875 0.16796875
0 0.24453125 0.665234375 0.0453125 0.1578125
0 0.191796875 0.68671875 0.06015625 0.165625
