0 0.826171875 0.787890625 0.040625 0.1453125
0 0.696875 0.79921875 0.0390625 0.15546875
0 0.620703125 0.9578125 0.040625 0.078125
0 0.66953125 0.587109375 0.0296875 0.13984375
0 0.63046875 0.571875 0.0359375 0.1390625
0 0.620703125 0.5828125 0.034375 0.1390625
0 0.580859375 0.58125 0.0484375 0.140625
0 0.502734375 0.61796875 0.04375 0.146875
0 0.473828125 0.587109375 0.0359375 0.140625
0 0.429296875 0.600390625 0.034375 0.109375
0 0.393359375 0.593359375 0.0375 0.14140625
0 0.361328125 0.5953125 0.03515625 0.13515625
0 0.39140625 0.708984375 0.0328125 0.153125
0 0.358984375 0.6921875 0.0390625 0.1453125
0 0.30625 0.69609375 0.0375 0.146875
0 0.291015625 0.667578125 0.0328125 0.140625
0 0.471875 0.440234375 0.0328125 0.12265625
