0 0.138671875 0.76796875 0.0390625 0.15078125
0 0.27265625 0.772265625 0.03828125 0.1609375
0 0.36015625 0.945703125 0.040625 0.10859375
0 0.289453125 0.551171875 0.028125 0.1453125
0 0.329296875 0.533984375 0.034375 0.14375
0 0.33984375 0.544140625 0.0328125 0.14375
0 0.380859375 0.540234375 0.04765625 0.1453125
0 0.463671875 0.57421875 0.04296875 0.1515625
0 0.4921875 0.540625 0.034375 0.1453125
0 0.53828125 0.551953125 0.034375 0.11328125
0 0.575 0.54296875 0.0359375 0.14609375
0 0.608203125 0.54296875 0.034375 0.13984375
0 0.58359375 0.6625 0.03125 0.15859375
0 0.615625 0.643359375 0.0375 0.15078125
0 0.670703125 0.644140625 0.0359375 0.1515625
0 0.684765625 0.6140625 0.03125 0.1453125
0 0.4859375 0.388671875 0.03203125 0.1265625
