0 0.851953125 0.769140625 0.0390625 0.14921875
0 0.71875 0.7734375 0.0375 0.16015625
0 0.63203125 0.946484375 0.040625 0.10703125
0 0.70234375 0.55390625 0.028125 0.14453125
0 0.6625 0.536328125 0.034375 0.14296875
0 0.651953125 0.546875 0.0328125 0.14296875
0 0.61171875 0.54296875 0.046875 0.14453125
0 0.529296875 0.5765625 0.04296875 0.15078125
0 0.501171875 0.543359375 0.034375 0.14453125
0 0.455078125 0.5546875 0.03359375 0.1125
0 0.41875 0.5453125 0.0359375 0.1453125
0 0.3859375 0.545703125 0.034375 0.1390625
0 0.41015625 0.664453125 0.03125 0.1578125
0 0.378125 0.6453125 0.0375 0.14921875
0 0.323828125 0.64609375 0.0359375 0.15078125
0 0.309765625 0.61640625 0.03125 0.14453125
0 0.507421875 0.391796875 0.03203125 0.12578125
