0 0.92578125 0.693359375 0.0453125 0.13046875
0 0.9 0.849609375 0.04453125 0.1515625
0 0.871875 0.703125 0.05859375 0.15078125
0 0.865625 0.701171875 0.0515625 0.15390625
0 0.80390625 0.7765625 0.0359375 0.128125
0 0.817578125 0.724609375 0.03515625 0.1390625
0 0.690234375 0.76328125 0.0328125 0.15234375
0 0.6171875 0.878515625 0.0546875 0.1734375
0 0.58984375 0.860546875 0.0421875 0.1453125
0 0.59765625 0.770703125 0.04140625 0.115625
0 0.625 0.76953125 0.0375 0.1046875
0 0.455859375 0.85234375 0.0640625 0.1796875
0 0.440625 0.851171875 0.05390625 0.15859375
0 0.47890625 0.8453125 0.05703125 0.140625
0 0.3953125 0.869921875 0.0578125 0.178125
0 0.328125 0.644921875 0.0375 0.14375
