0 0.044140625 0.660546875 0.03828125 0.14453125
0 0.0578125 0.8375 0.03515625 0.16796875
0 0.103125 0.67734375 0.0515625 0.165625
0 0.11015625 0.675 0.04296875 0.16953125
0 0.171484375 0.765625 0.028125 0.1421875
0 0.1609375 0.70625 0.02578125 0.15390625
0 0.298828125 0.76171875 0.021875 0.16953125
0 0.368359375 0.897265625 0.04453125 0.19140625
0 0.40078125 0.88046875 0.034375 0.1609375
0 0.400390625 0.779296875 0.03515625 0.1265625
0 0.370703125 0.775390625 0.03203125 0.115625
0 0.55 0.884375 0.0546875 0.19765625
0 0.566796875 0.883984375 0.04453125 0.175
0 0.525 0.873828125 0.05 0.1546875
0 0.614453125 0.903515625 0.04921875 0.1890625
0 0.711328125 0.665234375 0.028125 0.16015625
