0 0.97265625 0.665234375 0.0453125 0.1703125
0 0.97109375 0.663671875 0.04921875 0.17421875
0 0.905078125 0.75390625 0.0359375 0.14453125
0 0.91875 0.69453125 0.034375 0.15703125
0 0.7765625 0.74296875 0.03125 0.17265625
0 0.698828125 0.8765625 0.0546875 0.19609375
0 0.666796875 0.857421875 0.04296875 0.1640625
0 0.671875 0.755078125 0.0421875 0.1296875
0 0.702734375 0.753125 0.03828125 0.11875
0 0.515625 0.853515625 0.065625 0.20234375
0 0.4984375 0.852734375 0.0546875 0.17890625
0 0.54140625 0.844921875 0.05859375 0.15859375
0 0.448046875 0.87578125 0.05859375 0.20078125
0 0.36328125 0.6234375 0.03671875 0.1625
