0 0.990625 0.791015625 0.01875 0.15546875
0 0.95 0.6859375 0.04375 0.1296875
0 0.907421875 0.687109375 0.03984375 0.1296875
0 0.90234375 0.784765625 0.0578125 0.16875
0 0.84765625 0.735546875 0.05078125 0.15
0 0.760546875 0.792578125 0.0421875 0.15078125
0 0.72109375 0.923828125 0.05703125 0.12109375
0 0.683984375 0.930078125 0.04453125 0.11328125
0 0.66953125 0.83125 0.04375 0.15078125
0 0.6484375 0.853125 0.05390625 0.15
0 0.613671875 0.909765625 0.05703125 0.1671875
0 0.586328125 0.915234375 0.03984375 0.159375
0 0.402734375 0.759765625 0.0484375 0.14140625
0 0.356640625 0.961328125 0.05078125 0.07734375
0 0.336328125 0.952734375 0.04765625 0.09453125
