2 0.95234375 0.749609375 0.01171875 0.02578125
0 0.946875 0.701953125 0.034375 0.13125
0 0.93046875 0.68828125 0.03359375 0.12109375
0 0.9 0.791015625 0.0453125 0.14375
0 0.865625 0.6859375 0.040625 0.1203125
0 0.826953125 0.68046875 0.03671875 0.1203125
0 0.806640625 0.76875 0.05390625 0.15625
0 0.76484375 0.71484375 0.046875 0.13828125
0 0.67578125 0.753125 0.0390625 0.1390625
0 0.615234375 0.898828125 0.059375 0.17578125
0 0.58046875 0.896875 0.04609375 0.16484375
0 0.58671875 0.7734375 0.040625 0.13984375
0 0.564453125 0.78984375 0.05 0.1390625
0 0.521484375 0.8421875 0.0546875 0.1625
0 0.495703125 0.841796875 0.03671875 0.15625
0 0.355078125 0.665234375 0.04453125 0.13125
0 0.275 0.8875 0.05390625 0.159375
0 0.258984375 0.867578125 0.04921875 0.15546875
