0 0.962109375 0.2875 0.02734375 0.21640625
0 0.941796875 0.284765625 0.02265625 0.196875
0 0.923828125 0.28515625 0.01953125 0.18984375
0 0.91640625 0.259375 0.02734375 0.2171875
0 0.890234375 0.261328125 0.04375 0.203125
0 0.86796875 0.242578125 0.0484375 0.21484375
0 0.837890625 0.31875 0.06015625 0.2109375
0 0.797265625 0.202734375 0.03828125 0.18046875
0 0.8046875 0.11796875 0.04375 0.16796875
0 0.762890625 0.108984375 0.04140625 0.16953125
0 0.749609375 0.08671875 0.03671875 0.16484375
0 0.643359375 0.0625 0.0390625 0.12109375
0 0.541796875 0.032421875 0.03671875 0.0640625
0 0.122265625 0.097265625 0.05078125 0.19453125
0 0.155078125 0.383984375 0.053125 0.22109375
0 0.306640625 0.53125 0.06484375 0.25390625
0 0.355859375 0.50390625 0.05 0.24609375
0 0.404296875 0.50078125 0.053125 0.23359375
