0 0.0015625 0.3515625 0.003125 0.1875
0 0.00703125 0.326171875 0.0140625 0.21328125
0 0.02578125 0.33046875 0.04609375 0.20078125
0 0.047265625 0.31171875 0.0515625 0.21328125
0 0.078125 0.386328125 0.06328125 0.209375
0 0.11640625 0.27109375 0.040625 0.178125
0 0.107421875 0.1875 0.0453125 0.16640625
0 0.14921875 0.177734375 0.04375 0.16796875
0 0.1625 0.15 0.040625 0.17734375
0 0.265625 0.10078125 0.0421875 0.184375
0 0.3640625 0.066796875 0.03984375 0.12578125
0 0.5359375 0.035546875 0.0515625 0.07109375
0 0.780078125 0.153515625 0.05390625 0.19609375
0 0.752734375 0.43828125 0.05625 0.21875
0 0.60625 0.587109375 0.06875 0.2515625
0 0.556640625 0.560546875 0.05390625 0.24375
0 0.508984375 0.558203125 0.05625 0.23125
