0 0.075 0.304296875 0.03984375 0.20546875
0 0.09453125 0.30390625 0.034375 0.18671875
0 0.111328125 0.305859375 0.03046875 0.18046875
0 0.120703125 0.28203125 0.040625 0.20703125
0 0.1453125 0.2875 0.05390625 0.19375
0 0.16796875 0.271875 0.059375 0.20546875
0 0.188671875 0.34609375 0.0703125 0.20234375
0 0.23828125 0.241015625 0.04765625 0.171875
0 0.23984375 0.160546875 0.0515625 0.1609375
0 0.28046875 0.15625 0.05078125 0.16171875
0 0.296484375 0.13125 0.0484375 0.17109375
0 0.400390625 0.096875 0.04921875 0.17734375
0 0.49921875 0.068359375 0.0453125 0.13671875
0 0.666796875 0.05625 0.05390625 0.090625
0 0.884375 0.20703125 0.06171875 0.18984375
0 0.825 0.474609375 0.06484375 0.21171875
0 0.668359375 0.598828125 0.078125 0.24375
0 0.62421875 0.56796875 0.06328125 0.23515625
0 0.578515625 0.56015625 0.06484375 0.2234375
