0 0.870703125 0.19296875 0.046875 0.190625
0 0.8359375 0.477734375 0.05 0.2234375
0 0.683203125 0.6234375 0.0625 0.25390625
0 0.6328125 0.5953125 0.04296875 0.24765625
0 0.589453125 0.590625 0.0484375 0.24140625
0 0.0234375 0.369140625 0.02890625 0.2109375
0 0.0453125 0.3671875 0.025 0.20234375
0 0.07578125 0.348046875 0.0234375 0.215625
0 0.08984375 0.3328125 0.0125 0.209375
0 0.10625 0.31875 0.028125 0.20078125
0 0.149609375 0.327734375 0.03671875 0.1953125
0 0.194140625 0.283984375 0.03515625 0.1796875
0 0.22265625 0.2 0.0375 0.18671875
0 0.2796875 0.18828125 0.04921875 0.16640625
0 0.266015625 0.159765625 0.0328125 0.16875
0 0.351171875 0.123046875 0.0328125 0.18125
0 0.4453125 0.073828125 0.0453125 0.14765625
0 0.628515625 0.048828125 0.04921875 0.09765625
0 0.246875 0.40859375 0.034375 0.2125
