0 0.927734375 0.08984375 0.05 0.165625
0 0.88828125 0.367578125 0.05546875 0.23046875
0 0.72890625 0.514453125 0.06875 0.2609375
0 0.677734375 0.48515625 0.0484375 0.2546875
0 0.63359375 0.47890625 0.05390625 0.2484375
0 0.057421875 0.241796875 0.03359375 0.2171875
0 0.0796875 0.240234375 0.0296875 0.2078125
0 0.111328125 0.221484375 0.028125 0.221875
0 0.126171875 0.205859375 0.0171875 0.21484375
0 0.143359375 0.191796875 0.0328125 0.20625
0 0.187109375 0.2015625 0.040625 0.20078125
0 0.23359375 0.157421875 0.03984375 0.18515625
0 0.263671875 0.08359375 0.04296875 0.1671875
0 0.32109375 0.07265625 0.053125 0.1453125
0 0.308203125 0.058203125 0.03671875 0.11640625
0 0.39609375 0.044140625 0.034375 0.08828125
0 0.285546875 0.286328125 0.0390625 0.21875
