0 0.14609375 0.16171875 0.0453125 0.1875
0 0.18046875 0.441015625 0.04921875 0.2203125
0 0.330078125 0.583984375 0.0609375 0.24921875
0 0.380078125 0.556640625 0.0421875 0.24375
0 0.42265625 0.551953125 0.04765625 0.2375
0 0.978515625 0.334375 0.028125 0.2078125
0 0.95703125 0.332421875 0.025 0.1984375
0 0.92734375 0.313671875 0.0234375 0.2125
0 0.91328125 0.298828125 0.0125 0.2046875
0 0.897265625 0.28515625 0.028125 0.196875
0 0.8546875 0.29375 0.0359375 0.1921875
0 0.8109375 0.25078125 0.034375 0.1765625
0 0.7828125 0.16875 0.03671875 0.1828125
0 0.726953125 0.15703125 0.0484375 0.16328125
0 0.740234375 0.12890625 0.0328125 0.165625
0 0.656640625 0.09296875 0.03125 0.178125
0 0.5640625 0.05859375 0.0453125 0.1171875
0 0.383984375 0.033984375 0.0484375 0.06796875
0 0.758984375 0.3734375 0.034375 0.20859375
