0 0.63515625 0.558203125 0.0671875 0.23203125
0 0.59140625 0.531640625 0.04765625 0.225
0 0.555078125 0.526171875 0.04921875 0.21953125
0 0.78359375 0.437109375 0.05546875 0.20390625
0 0.805078125 0.178125 0.03828125 0.1734375
0 0.612890625 0.04296875 0.04921875 0.0765625
0 0.447265625 0.057421875 0.04453125 0.11484375
0 0.3640625 0.091015625 0.0390625 0.17109375
0 0.301953125 0.1140625 0.034375 0.1609375
0 0.290625 0.14140625 0.059375 0.15078125
0 0.258984375 0.137109375 0.0484375 0.15703125
0 0.320703125 0.420703125 0.04609375 0.1984375
0 0.22890625 0.233203125 0.0390625 0.15859375
0 0.173046875 0.264453125 0.046875 0.18828125
0 0.153515625 0.258984375 0.04140625 0.18671875
0 0.120703125 0.273828125 0.03359375 0.19140625
0 0.10078125 0.281640625 0.03828125 0.19296875
0 0.05234375 0.28984375 0.0375 0.1734375
0 0.03828125 0.28203125 0.0421875 0.23359375
