0 0.379296875 0.55859375 0.07421875 0.23046875
0 0.421484375 0.530859375 0.0546875 0.22265625
0 0.457421875 0.52421875 0.05625 0.21796875
0 0.228125 0.44375 0.06171875 0.20234375
0 0.19765625 0.18828125 0.04453125 0.171875
0 0.38359375 0.046875 0.0515625 0.08046875
0 0.54765625 0.057421875 0.0484375 0.11484375
0 0.63125 0.087890625 0.0453125 0.16953125
0 0.693359375 0.108203125 0.03984375 0.16015625
0 0.70546875 0.134765625 0.0640625 0.15
0 0.737109375 0.129296875 0.053125 0.15625
0 0.685546875 0.41171875 0.05234375 0.196875
0 0.7703125 0.223046875 0.04453125 0.1578125
0 0.826171875 0.252734375 0.053125 0.1875
0 0.845703125 0.24609375 0.046875 0.18515625
0 0.878515625 0.259375 0.03984375 0.18984375
0 0.898828125 0.26640625 0.04453125 0.190625
0 0.946875 0.273046875 0.04296875 0.171875
0 0.960546875 0.26484375 0.04921875 0.23125
