0 0.598828125 0.5609375 0.0828125 0.25703125
0 0.547265625 0.53828125 0.0609375 0.24765625
0 0.506640625 0.537890625 0.0625 0.24296875
0 0.741796875 0.405859375 0.06875 0.225
0 0.72578125 0.119921875 0.04921875 0.19140625
0 0.496875 0.022265625 0.053125 0.04453125
0 0.31875 0.059765625 0.05 0.09453125
0 0.233203125 0.102734375 0.04765625 0.16328125
0 0.168359375 0.126953125 0.04375 0.178125
0 0.16015625 0.158203125 0.0703125 0.1671875
0 0.124609375 0.15859375 0.05859375 0.17421875
0 0.23515625 0.45859375 0.0578125 0.21875
0 0.106640625 0.26796875 0.04921875 0.17578125
0 0.05078125 0.3109375 0.05859375 0.20859375
0 0.02890625 0.3078125 0.05234375 0.20625
0 0.00859375 0.327734375 0.0171875 0.21015625
