0 0.17734375 0.1609375 0.03828125 0.184375
0 0.214453125 0.4265625 0.05859375 0.2171875
0 0.341796875 0.573046875 0.0765625 0.24765625
0 0.390234375 0.556640625 0.06015625 0.23046875
0 0.431640625 0.548046875 0.05859375 0.22734375
0 0.610546875 0.534375 0.0671875 0.22421875
0 0.9859375 0.3921875 0.028125 0.2125
0 0.984765625 0.38828125 0.03046875 0.1953125
0 0.94609375 0.363671875 0.08515625 0.21640625
0 0.912890625 0.348046875 0.046875 0.20703125
0 0.877734375 0.34921875 0.04921875 0.19609375
0 0.88671875 0.33203125 0.0421875 0.19375
0 0.80390625 0.288671875 0.04453125 0.1734375
0 0.80390625 0.202734375 0.05625 0.18203125
0 0.752734375 0.184765625 0.06328125 0.16015625
0 0.724609375 0.16484375 0.04765625 0.1734375
0 0.703515625 0.13203125 0.053125 0.1671875
0 0.61171875 0.07578125 0.05234375 0.13828125
0 0.44921875 0.044921875 0.0671875 0.08984375
