0 0.983984375 0.662109375 0.03203125 0.17734375
0 0.871875 0.550390625 0.06171875 0.1484375
0 0.743359375 0.57734375 0.059375 0.17265625
0 0.707421875 0.865625 0.04609375 0.2296875
0 0.559375 0.4609375 0.0390625 0.15546875
0 0.4359375 0.37890625 0.04765625 0.1296875
0 0.32578125 0.514453125 0.046875 0.15
2 0.137890625 0.51953125 0.02109375 0.03359375
0 0.1515625 0.441015625 0.05390625 0.128125
0 0.019921875 0.6984375 0.0359375 0.17421875
0 0.01953125 0.615625 0.03828125 0.16796875
0 0.0390625 0.576171875 0.04140625 0.16171875
