0 0.230078125 0.108203125 0.0421875 0.1875
0 0.263671875 0.379296875 0.06328125 0.221875
0 0.390234375 0.530859375 0.08203125 0.253125
0 0.43984375 0.51484375 0.06484375 0.234375
0 0.48203125 0.506640625 0.0640625 0.23203125
0 0.664453125 0.49609375 0.07265625 0.22890625
0 0.982421875 0.325390625 0.03515625 0.22109375
0 0.975 0.31171875 0.05 0.2109375
0 0.939453125 0.312109375 0.053125 0.20078125
0 0.948828125 0.294921875 0.04609375 0.19765625
0 0.865234375 0.24921875 0.04921875 0.1765625
0 0.8671875 0.16171875 0.06015625 0.1859375
0 0.815234375 0.14296875 0.0671875 0.16328125
0 0.787109375 0.121875 0.05234375 0.17734375
0 0.766015625 0.098046875 0.0546875 0.14765625
0 0.67109375 0.05703125 0.05 0.08671875
0 0.50625 0.0203125 0.0640625 0.040625
