0 0.8796875 0.185546875 0.03046875 0.19140625
0 0.8265625 0.46015625 0.04921875 0.22578125
0 0.6859375 0.60625 0.06640625 0.25625
0 0.63671875 0.586328125 0.05 0.2390625
0 0.594140625 0.575 0.04921875 0.2359375
0 0.4078125 0.55078125 0.05859375 0.2328125
0 0.0171875 0.381640625 0.034375 0.22109375
0 0.021875 0.37890625 0.03046875 0.203125
0 0.068359375 0.3546875 0.078125 0.2234375
0 0.10390625 0.33984375 0.0375 0.21484375
0 0.140234375 0.34296875 0.040625 0.20390625
0 0.13203125 0.325 0.03359375 0.20234375
0 0.220703125 0.283984375 0.0375 0.1796875
0 0.225 0.19453125 0.0484375 0.18828125
0 0.2796875 0.17890625 0.0578125 0.16484375
0 0.309765625 0.158984375 0.040625 0.1796875
0 0.333203125 0.126171875 0.04609375 0.1734375
0 0.432421875 0.07265625 0.046875 0.14296875
0 0.602734375 0.047265625 0.06484375 0.09453125
