0 0.91875 0.129296875 0.04453125 0.18984375
0 0.68125 0.02265625 0.0609375 0.0453125
0 0.7890625 0.38828125 0.06484375 0.221875
0 0.6640625 0.53984375 0.06953125 0.24375
0 0.61171875 0.521875 0.0671875 0.23671875
0 0.567578125 0.512890625 0.0625 0.23359375
0 0.405859375 0.51328125 0.084375 0.22265625
0 0.06015625 0.325390625 0.05 0.21875
0 0.08515625 0.318359375 0.0453125 0.2109375
0 0.12265625 0.307421875 0.05078125 0.19921875
0 0.1953125 0.254296875 0.04609375 0.17265625
0 0.204296875 0.175390625 0.06640625 0.1875
0 0.241796875 0.152734375 0.0640625 0.16796875
0 0.25 0.12890625 0.04140625 0.1734375
0 0.27421875 0.134375 0.071875 0.14609375
0 0.395703125 0.057421875 0.0578125 0.10390625
