0 0.90234375 0.212109375 0.03046875 0.18203125
0 0.685546875 0.054296875 0.05546875 0.103125
0 0.751171875 0.44765625 0.04765625 0.2109375
0 0.615625 0.58046875 0.0515625 0.2328125
0 0.566796875 0.558203125 0.05 0.22578125
0 0.525390625 0.544921875 0.0453125 0.22265625
0 0.369921875 0.52890625 0.0671875 0.21171875
0 0.05625 0.313671875 0.03359375 0.21015625
0 0.08125 0.309375 0.0296875 0.203125
0 0.118359375 0.303125 0.0359375 0.190625
0 0.19375 0.258984375 0.03359375 0.165625
0 0.21015625 0.183984375 0.0515625 0.178125
0 0.2484375 0.166796875 0.05078125 0.16015625
0 0.258984375 0.144140625 0.028125 0.165625
0 0.281640625 0.151953125 0.0609375 0.13671875
0 0.40625 0.06953125 0.05 0.1390625
