0 0.06328125 0.22734375 0.0390625 0.17890625
0 0.267578125 0.063671875 0.059375 0.1
0 0.22265625 0.449609375 0.0578125 0.20859375
0 0.3625 0.572265625 0.0625 0.2296875
0 0.408984375 0.548046875 0.06015625 0.22265625
0 0.44921875 0.532421875 0.05546875 0.21953125
0 0.60078125 0.508984375 0.0765625 0.209375
0 0.978515625 0.3015625 0.03125 0.1921875
0 0.896875 0.283203125 0.04375 0.20625
0 0.872265625 0.280078125 0.03984375 0.19921875
0 0.835546875 0.276171875 0.04453125 0.1875
0 0.759375 0.23671875 0.040625 0.1625
0 0.73984375 0.164453125 0.06015625 0.17578125
0 0.701171875 0.14921875 0.0578125 0.1578125
0 0.68984375 0.128125 0.0359375 0.16328125
0 0.667578125 0.13671875 0.06640625 0.13671875
0 0.541015625 0.066015625 0.05546875 0.13203125
