0 0.0359375 0.9046875 0.01875 0.1578125
0 0.12109375 0.85078125 0.0671875 0.14921875
0 0.150390625 0.861328125 0.03671875 0.1078125
0 0.362109375 0.842578125 0.05078125 0.128125
0 0.46875 0.856640625 0.059375 0.1234375
0 0.436328125 0.84453125 0.04453125 0.11875
0 0.503515625 0.846484375 0.05546875 0.13515625
0 0.61328125 0.83671875 0.0484375 0.1375
0 0.72421875 0.85390625 0.04375 0.1171875
0 0.775 0.8078125 0.04140625 0.1109375
0 0.76328125 0.760546875 0.04765625 0.1296875
0 0.97265625 0.7828125 0.0390625 0.14453125
