2 0.843359375 0.158203125 0.01640625 0.0234375
0 0.317578125 0.690234375 0.0765625 0.18828125
0 0.339453125 0.61328125 0.0796875 0.18828125
0 0.450390625 0.437890625 0.06171875 0.1453125
0 0.396875 0.28515625 0.06171875 0.15234375
0 0.4625 0.201953125 0.06171875 0.14921875
0 0.52109375 0.25703125 0.05859375 0.18359375
0 0.55390625 0.191796875 0.07578125 0.1359375
0 0.67734375 0.065625 0.06796875 0.1125
0 0.68984375 0.051953125 0.04609375 0.08203125
0 0.771484375 0.15703125 0.05703125 0.16796875
0 0.814453125 0.134765625 0.06015625 0.12734375
