0 0.087890625 0.38984375 0.11015625 0.2140625
0 0.186328125 0.526171875 0.07421875 0.26484375
2 0.220703125 0.498046875 0.02421875 0.0390625
0 0.283203125 0.498046875 0.0640625 0.25234375
0 0.309765625 0.345703125 0.08203125 0.2203125
0 0.46171875 0.499609375 0.0734375 0.2515625
0 0.9703125 0.35 0.059375 0.228125
0 0.9953125 0.33671875 0.009375 0.2109375
0 0.848828125 0.287109375 0.06953125 0.2390625
0 0.825390625 0.270703125 0.05078125 0.22734375
0 0.79140625 0.2625 0.05546875 0.22109375
0 0.7078125 0.21796875 0.06015625 0.18359375
0 0.73515625 0.105078125 0.06484375 0.17578125
0 0.659375 0.0890625 0.0734375 0.1578125
0 0.626953125 0.063671875 0.06484375 0.1125
0 0.56171875 0.075390625 0.05390625 0.14609375
0 0.505078125 0.01953125 0.05859375 0.0390625
