2 0.19921875 0.066015625 0.015625 0.021875
0 0.60625 0.633203125 0.07421875 0.1765625
0 0.59765625 0.559375 0.0765625 0.1765625
0 0.52109375 0.38125 0.059375 0.13671875
0 0.175 0.91328125 0.05625 0.1234375
0 0.592578125 0.2484375 0.06015625 0.14296875
0 0.54375 0.161328125 0.06015625 0.13984375
0 0.48203125 0.20390625 0.0578125 0.171875
0 0.4609375 0.1390625 0.07265625 0.128125
0 0.36484375 0.028515625 0.0625 0.05703125
0 0.355078125 0.0140625 0.04140625 0.028125
0 0.265234375 0.076953125 0.05546875 0.15390625
0 0.22890625 0.05390625 0.0578125 0.1078125
