0 0.32890625 0.058203125 0.03828125 0.10546875
0 0.12109375 0.51875 0.09609375 0.203125
0 0.23203125 0.638671875 0.059375 0.2546875
2 0.261328125 0.60703125 0.021875 0.03671875
0 0.321875 0.6 0.04921875 0.24296875
0 0.32890625 0.45 0.06875 0.2109375
0 0.493359375 0.58046875 0.05859375 0.24140625
0 0.97109375 0.375390625 0.0578125 0.21796875
0 0.840234375 0.3296875 0.05546875 0.2296875
0 0.816015625 0.3171875 0.0375 0.21953125
0 0.782421875 0.312890625 0.04296875 0.2125
0 0.696875 0.280078125 0.04921875 0.17578125
0 0.708203125 0.160546875 0.05546875 0.190625
0 0.634765625 0.161328125 0.0640625 0.15703125
0 0.598828125 0.109765625 0.059375 0.1734375
0 0.537109375 0.145703125 0.0453125 0.17421875
0 0.4765625 0.065234375 0.0578125 0.13046875
