2 0.1421875 0.081640625 0.015625 0.0234375
0 0.656640625 0.603515625 0.075 0.18515625
0 0.6359375 0.528125 0.07734375 0.184375
0 0.526953125 0.355859375 0.06015625 0.14296875
0 0.255078125 0.950390625 0.05703125 0.09921875
0 0.5796875 0.20625 0.06015625 0.15
0 0.51484375 0.124609375 0.0609375 0.146875
0 0.4578125 0.17890625 0.0578125 0.1796875
0 0.425390625 0.114453125 0.07421875 0.1328125
0 0.307421875 0.027734375 0.06171875 0.03515625
0 0.213671875 0.089453125 0.0546875 0.14375
0 0.171875 0.0703125 0.05546875 0.1
