0 0.6390625 0.02265625 0.0375 0.0453125
0 0.884765625 0.4328125 0.1 0.2046875
0 0.784765625 0.56171875 0.06328125 0.25546875
2 0.752734375 0.533203125 0.021875 0.0375
0 0.6921875 0.530859375 0.05390625 0.24375
0 0.671875 0.3828125 0.07265625 0.21171875
0 0.51953125 0.5265625 0.0625 0.2421875
0 0.028125 0.3640625 0.05625 0.21875
0 0.004296875 0.350390625 0.00859375 0.20390625
0 0.151953125 0.307421875 0.059375 0.23046875
0 0.175 0.292578125 0.04140625 0.2203125
0 0.208203125 0.285546875 0.046875 0.21328125
0 0.290625 0.2453125 0.05234375 0.1765625
0 0.26875 0.126953125 0.05859375 0.190625
0 0.3421875 0.121484375 0.06640625 0.1578125
0 0.373046875 0.07890625 0.0609375 0.14765625
0 0.437890625 0.097265625 0.04765625 0.17421875
0 0.4921875 0.0390625 0.0578125 0.078125
