0 0.940625 0.909375 0.03125 0.109375
0 0.865625 0.887890625 0.03828125 0.14453125
0 0.809765625 0.885546875 0.02734375 0.0875
0 0.69453125 0.873828125 0.02109375 0.09609375
0 0.676171875 0.8734375 0.02265625 0.0921875
0 0.630859375 0.872265625 0.03125 0.11171875
0 0.564453125 0.862109375 0.0265625 0.096875
0 0.519921875 0.86875 0.03515625 0.11640625
0 0.305078125 0.848828125 0.03828125 0.13984375
0 0.21171875 0.839453125 0.03671875 0.13984375
0 0.11875 0.833203125 0.03984375 0.1578125
0 0.237890625 0.835546875 0.025 0.10390625
