0 0.9390625 0.966015625 0.028125 0.06796875
0 0.86171875 0.94921875 0.0328125 0.1015625
0 0.803125 0.962109375 0.0265625 0.07578125
0 0.684375 0.95703125 0.01875 0.0859375
0 0.666796875 0.956640625 0.01953125 0.08671875
0 0.62109375 0.952734375 0.028125 0.09453125
0 0.551171875 0.9515625 0.02421875 0.096875
0 0.507421875 0.95234375 0.03203125 0.0953125
0 0.287109375 0.9359375 0.034375 0.11484375
0 0.190625 0.930859375 0.0328125 0.11796875
0 0.09453125 0.92421875 0.0328125 0.12421875
0 0.216796875 0.937890625 0.02109375 0.1046875
