0 0.057421875 0.88359375 0.0234375 0.0984375
0 0.12734375 0.870703125 0.028125 0.13046875
0 0.178125 0.872265625 0.02109375 0.07890625
0 0.283984375 0.87109375 0.01484375 0.08671875
0 0.30078125 0.872265625 0.01640625 0.08359375
0 0.3421875 0.874609375 0.0234375 0.10078125
0 0.403515625 0.870703125 0.01953125 0.0875
0 0.44375 0.88046875 0.0265625 0.1046875
0 0.641015625 0.879296875 0.028125 0.1265625
0 0.726953125 0.878125 0.0265625 0.1265625
0 0.812109375 0.880078125 0.02890625 0.1421875
0 0.703125 0.87265625 0.01796875 0.09375
