0 0.02578125 0.660546875 0.0515625 0.24765625
0 0.12734375 0.441796875 0.06796875 0.1875
0 0.32734375 0.54453125 0.07265625 0.215625
0 0.3671875 0.898828125 0.0765625 0.18671875
0 0.4921875 0.557421875 0.07578125 0.215625
0 0.54765625 0.569921875 0.065625 0.21484375
0 0.608203125 0.7078125 0.06875 0.246875
0 0.753515625 0.54375 0.05703125 0.203125
0 0.903515625 0.57265625 0.09609375 0.19140625
0 0.964453125 0.59140625 0.07109375 0.1859375
2 0.944921875 0.559765625 0.021875 0.03359375
0 0.965625 0.728125 0.05 0.203125
