0 0.925390625 0.687109375 0.071875 0.23046875
0 0.821875 0.482421875 0.06015625 0.17265625
0 0.634375 0.57421875 0.0640625 0.1984375
0 0.5921875 0.905859375 0.06875 0.18046875
0 0.48125 0.58359375 0.0671875 0.19921875
0 0.429296875 0.59453125 0.0578125 0.1984375
0 0.37109375 0.720703125 0.0609375 0.228125
0 0.23828125 0.566796875 0.04921875 0.1875
0 0.098828125 0.591015625 0.08671875 0.1765625
0 0.040234375 0.608203125 0.06484375 0.171875
2 0.060546875 0.57890625 0.01953125 0.03125
0 0.034765625 0.734375 0.0515625 0.1875
