0 0.135546875 0.353125 0.0203125 0.0796875
0 0.017578125 0.826953125 0.0265625 0.13671875
0 0.06953125 0.67421875 0.03984375 0.1203125
0 0.14453125 0.97578125 0.04375 0.0484375
0 0.224609375 0.967578125 0.03984375 0.06484375
0 0.51484375 0.918359375 0.04375 0.1390625
0 0.50703125 0.877734375 0.0453125 0.115625
0 0.6234375 0.935546875 0.0421875 0.12578125
2 0.674609375 0.9609375 0.0171875 0.02578125
0 0.63515625 0.71875 0.03828125 0.1203125
0 0.844140625 0.940234375 0.04140625 0.10859375
0 0.801953125 0.83984375 0.0421875 0.1375
0 0.880078125 0.66484375 0.05234375 0.09296875
