0 0.121875 0.312890625 0.0234375 0.084375
0 0.01484375 0.813671875 0.01328125 0.14375
0 0.058203125 0.65234375 0.04453125 0.12734375
0 0.142578125 0.971484375 0.04765625 0.05703125
0 0.2265625 0.962109375 0.04375 0.07578125
0 0.53046875 0.9015625 0.04765625 0.146875
0 0.521484375 0.858984375 0.04921875 0.12265625
0 0.644921875 0.9234375 0.046875 0.1453125
2 0.6984375 0.94375 0.01796875 0.02734375
0 0.652734375 0.6890625 0.0421875 0.12734375
0 0.8765625 0.92421875 0.04609375 0.12734375
0 0.830859375 0.81328125 0.046875 0.1453125
0 0.908984375 0.627734375 0.05703125 0.09921875
