0 0.56171875 0.77421875 0.07109375 0.1359375
0 0.45859375 0.763671875 0.07421875 0.14453125
0 0.362109375 0.736328125 0.05546875 0.13828125
0 0.13046875 0.76796875 0.065625 0.13203125
0 0.019140625 0.885546875 0.03828125 0.14921875
0 0.020703125 0.79609375 0.04140625 0.1578125
0 0.170703125 0.675390625 0.05703125 0.11796875
0 0.512890625 0.6609375 0.04921875 0.13359375
0 0.436328125 0.448046875 0.0453125 0.1046875
0 0.369140625 0.0875 0.01953125 0.071875
2 0.0890625 0.96484375 0.015625 0.0234375
