2 0.0796875 0.511328125 0.01875 0.03203125
0 0.092578125 0.490234375 0.046875 0.13046875
0 0.01953125 0.34296875 0.0390625 0.175
0 0.49296875 0.25078125 0.04140625 0.14375
0 0.551953125 0.114453125 0.0390625 0.12578125
0 0.29375 0.05703125 0.02265625 0.09453125
0 0.069921875 0.123046875 0.02421875 0.11484375
0 0.04921875 0.111328125 0.0265625 0.12734375
0 0.02734375 0.11875 0.03046875 0.12109375
0 0.005859375 0.1265625 0.01171875 0.121875
0 0.134375 0.05390625 0.02890625 0.07265625
0 0.09140625 0.060546875 0.0265625 0.08046875
0 0.077734375 0.051171875 0.02578125 0.06015625
0 0.121484375 0.02890625 0.0234375 0.0203125
