0 0.966015625 0.98359375 0.03515625 0.0328125
0 0.93203125 0.986328125 0.028125 0.02734375
0 0.94921875 0.841796875 0.02578125 0.0859375
0 0.905078125 0.951171875 0.01953125 0.09765625
0 0.915625 0.951953125 0.021875 0.09609375
0 0.901171875 0.98125 0.02734375 0.0375
0 0.875390625 0.97734375 0.02578125 0.0453125
0 0.849609375 0.981640625 0.03203125 0.03671875
0 0.762109375 0.94140625 0.02421875 0.1171875
0 0.75234375 0.936328125 0.0234375 0.12734375
0 0.564453125 0.951171875 0.03203125 0.09765625
0 0.373828125 0.948828125 0.0390625 0.09453125
