0 0.988671875 0.975390625 0.02265625 0.04921875
0 0.961328125 0.978125 0.02578125 0.04375
0 0.972265625 0.830078125 0.021875 0.08125
0 0.933984375 0.93671875 0.015625 0.09296875
0 0.944140625 0.940625 0.0171875 0.0984375
0 0.930859375 0.973828125 0.02421875 0.0515625
0 0.905859375 0.97109375 0.02265625 0.0578125
0 0.881640625 0.975390625 0.0296875 0.04921875
0 0.795703125 0.936328125 0.01875 0.1203125
0 0.78671875 0.93359375 0.01796875 0.1328125
0 0.60625 0.95078125 0.028125 0.0984375
0 0.4234375 0.953515625 0.034375 0.09296875
