0 0.1078125 0.919140625 0.0390625 0.16171875
2 0.40859375 0.98203125 0.01953125 0.028125
0 0.476171875 0.741015625 0.0375 0.16015625
0 0.761328125 0.966796875 0.04921875 0.03515625
0 0.733203125 0.689453125 0.046875 0.15390625
0 0.776171875 0.59609375 0.04765625 0.13671875
0 0.56640625 0.4515625 0.03828125 0.1046875
0 0.874609375 0.766796875 0.0328125 0.1765625
0 0.888671875 0.76640625 0.03046875 0.18671875
0 0.908203125 0.77890625 0.03125 0.16640625
0 0.91640625 0.7890625 0.03125 0.17109375
0 0.973828125 0.608984375 0.0421875 0.15546875
