0 0.91953125 0.769921875 0.05390625 0.17265625
0 0.81015625 0.78359375 0.06640625 0.16875
0 0.7109375 0.71640625 0.0796875 0.17578125
0 0.60078125 0.69375 0.0640625 0.153125
0 0.576953125 0.933203125 0.04765625 0.13359375
0 0.59296875 0.905859375 0.0515625 0.18828125
0 0.505859375 0.8984375 0.05390625 0.203125
0 0.478125 0.898046875 0.04453125 0.20390625
0 0.46640625 0.891796875 0.04453125 0.2140625
0 0.26171875 0.803515625 0.05625 0.1921875
0 0.05078125 0.816796875 0.053125 0.1890625
0 0.2109375 0.45546875 0.03046875 0.10234375
