0 0.958203125 0.664453125 0.05078125 0.16484375
0 0.857421875 0.6921875 0.06328125 0.1609375
0 0.754296875 0.641796875 0.075 0.1671875
0 0.64765625 0.63515625 0.0609375 0.14609375
0 0.94375 0.952734375 0.0484375 0.03828125
0 0.66015625 0.895703125 0.04921875 0.190625
0 0.668359375 0.842578125 0.05 0.18828125
0 0.584375 0.844921875 0.0515625 0.196875
0 0.559375 0.844140625 0.04296875 0.19375
0 0.54765625 0.841015625 0.0421875 0.203125
0 0.343359375 0.783984375 0.05390625 0.1828125
0 0.146484375 0.82421875 0.05078125 0.18046875
0 0.0375 0.933984375 0.0265625 0.13203125
0 0.249609375 0.462109375 0.02890625 0.09765625
