0 0.926953125 0.7578125 0.06015625 0.17265625
0 0.81796875 0.696875 0.07265625 0.17890625
0 0.701953125 0.68359375 0.05859375 0.15703125
0 0.7 0.930859375 0.04140625 0.13203125
0 0.713671875 0.901953125 0.04296875 0.18984375
0 0.623046875 0.8984375 0.04453125 0.2
0 0.595703125 0.898828125 0.03515625 0.2
0 0.581640625 0.89453125 0.034375 0.20859375
0 0.3625 0.827734375 0.0484375 0.196875
0 0.145703125 0.860546875 0.0453125 0.19453125
0 0.01796875 0.951171875 0.021875 0.09765625
0 0.27890625 0.472265625 0.02578125 0.10546875
