0 0.9578125 0.9078125 0.0421875 0.184375
2 0.630859375 0.97265625 0.021875 0.03046875
0 0.556640625 0.708203125 0.040625 0.17578125
0 0.244921875 0.9609375 0.0546875 0.04765625
0 0.275390625 0.651953125 0.0515625 0.16875
0 0.22890625 0.55 0.05234375 0.15
0 0.45859375 0.391796875 0.04140625 0.11484375
0 0.12109375 0.737109375 0.0359375 0.19375
0 0.105859375 0.73671875 0.0328125 0.2046875
0 0.084375 0.75 0.034375 0.1828125
0 0.07578125 0.76171875 0.034375 0.1875
0 0.017578125 0.563671875 0.03515625 0.17109375
