2 0.2671875 0.938671875 0.021875 0.03359375
0 0.022265625 0.830859375 0.04453125 0.19296875
0 0.383984375 0.699609375 0.04296875 0.1546875
0 0.524609375 0.4109375 0.0421875 0.1078125
0 0.6390625 0.70859375 0.04296875 0.1640625
0 0.61640625 0.991015625 0.0359375 0.01796875
0 0.7203125 0.604296875 0.053125 0.1328125
0 0.913671875 0.654296875 0.0484375 0.16328125
0 0.955859375 0.8703125 0.0328125 0.16953125
0 0.840234375 0.834765625 0.04609375 0.18359375
0 0.822265625 0.81796875 0.03984375 0.18046875
0 0.81015625 0.801953125 0.03984375 0.19140625
0 0.796875 0.792578125 0.0390625 0.18671875
