0 0.035546875 0.83359375 0.07109375 0.1875
0 0.077734375 0.678515625 0.0390625 0.12890625
0 0.11953125 0.671875 0.0390625 0.13125
0 0.267578125 0.91484375 0.1078125 0.14609375
0 0.274609375 0.70546875 0.0421875 0.146875
0 0.333984375 0.669140625 0.03515625 0.10859375
0 0.354296875 0.7203125 0.034375 0.16015625
0 0.384765625 0.741796875 0.0453125 0.18046875
0 0.46015625 0.62734375 0.02890625 0.09921875
0 0.499609375 0.734765625 0.04140625 0.15078125
0 0.44453125 0.884765625 0.07578125 0.22734375
0 0.545703125 0.91796875 0.08046875 0.1640625
0 0.67265625 0.90625 0.0921875 0.1875
0 0.80625 0.742578125 0.04453125 0.1265625
0 0.963671875 0.801953125 0.04453125 0.1734375
