0 0.044140625 0.8296875 0.06640625 0.18046875
0 0.0828125 0.67890625 0.0359375 0.12421875
0 0.1234375 0.671875 0.0359375 0.1265625
0 0.270703125 0.912890625 0.10234375 0.15625
0 0.27421875 0.7015625 0.0390625 0.1421875
0 0.330859375 0.665625 0.0328125 0.1046875
0 0.3515625 0.71484375 0.03125 0.15390625
0 0.381640625 0.734765625 0.040625 0.1734375
0 0.45234375 0.62265625 0.0265625 0.0953125
0 0.492578125 0.7265625 0.0375 0.1453125
0 0.4421875 0.880078125 0.06953125 0.23359375
0 0.540234375 0.91171875 0.07578125 0.1765625
0 0.662109375 0.899609375 0.08671875 0.20078125
0 0.789453125 0.72890625 0.04140625 0.121875
0 0.951953125 0.78515625 0.0578125 0.16953125
