0 0.071484375 0.894140625 0.0625 0.1953125
0 0.105078125 0.7265625 0.03203125 0.134375
0 0.14921875 0.716796875 0.03203125 0.1375
0 0.324609375 0.94453125 0.1046875 0.1109375
0 0.31640625 0.740625 0.034375 0.1546875
0 0.376171875 0.69765625 0.0296875 0.1140625
0 0.4015625 0.750390625 0.025 0.16875
0 0.4359375 0.770703125 0.03515625 0.1890625
0 0.507421875 0.64375 0.0234375 0.10390625
0 0.55703125 0.755078125 0.0328125 0.15859375
0 0.509375 0.899609375 0.0640625 0.20078125
0 0.619921875 0.93046875 0.0734375 0.1390625
0 0.753515625 0.913671875 0.0828125 0.17265625
0 0.882421875 0.740625 0.03828125 0.13203125
