0 0.962890625 0.76640625 0.07421875 0.465625
0 0.99765625 0.336328125 0.0046875 0.1578125
0 0.90390625 0.367578125 0.03125 0.1671875
0 0.781640625 0.38984375 0.0296875 0.1734375
0 0.756640625 0.3515625 0.0203125 0.1171875
0 0.71484375 0.353125 0.01796875 0.1109375
0 0.49140625 0.4015625 0.034375 0.15546875
0 0.46640625 0.405859375 0.0265625 0.1578125
0 0.433203125 0.416796875 0.0578125 0.2265625
0 0.445703125 0.410546875 0.0265625 0.153125
0 0.408984375 0.42578125 0.02265625 0.16015625
2 0.3828125 0.44453125 0.015625 0.01875
0 0.35 0.492578125 0.0625 0.2109375
0 0.30625 0.459375 0.0390625 0.1640625
0 0.2703125 0.389453125 0.02421875 0.0875
