0 0.97421875 0.346484375 0.0515625 0.20859375
0 0.96328125 0.382421875 0.06171875 0.20859375
0 0.798828125 0.32578125 0.0375 0.1421875
0 0.777734375 0.316015625 0.03515625 0.1203125
0 0.5421875 0.433984375 0.0609375 0.234375
0 0.540234375 0.312890625 0.04375 0.19375
0 0.514453125 0.32265625 0.05 0.19296875
0 0.475 0.376171875 0.053125 0.1609375
0 0.45078125 0.3265625 0.04921875 0.13359375
0 0.42578125 0.448046875 0.0890625 0.246875
0 0.36640625 0.37890625 0.07421875 0.17890625
0 0.301171875 0.308984375 0.04609375 0.109375
0 0.24921875 0.462890625 0.07734375 0.21328125
