0 0.944140625 0.7578125 0.11015625 0.484375
0 0.88515625 0.36640625 0.04140625 0.190625
0 0.874609375 0.4 0.046875 0.190625
0 0.72109375 0.35625 0.02734375 0.1296875
0 0.7015625 0.34765625 0.0265625 0.109375
0 0.49140625 0.467578125 0.04453125 0.2140625
0 0.48359375 0.35625 0.03046875 0.17734375
0 0.460546875 0.366796875 0.03671875 0.1765625
0 0.426953125 0.417578125 0.04140625 0.146875
0 0.40234375 0.373046875 0.0390625 0.12109375
0 0.385546875 0.4859375 0.0703125 0.225
0 0.326953125 0.425390625 0.06015625 0.1625
0 0.2640625 0.3640625 0.03671875 0.09921875
0 0.22421875 0.508203125 0.0609375 0.19453125
