0 0.044140625 0.77578125 0.08515625 0.4484375
0 0.08671875 0.38359375 0.0375 0.16953125
0 0.211328125 0.4015625 0.03671875 0.1765625
0 0.23515625 0.36171875 0.02421875 0.11953125
0 0.27734375 0.362109375 0.021875 0.11328125
0 0.505078125 0.403125 0.040625 0.1578125
0 0.53125 0.406640625 0.0328125 0.1609375
0 0.56484375 0.41640625 0.0671875 0.23125
0 0.5515625 0.410546875 0.03203125 0.15546875
0 0.589453125 0.424609375 0.02890625 0.1625
2 0.616796875 0.4421875 0.01640625 0.01953125
0 0.6515625 0.48984375 0.0703125 0.215625
0 0.69453125 0.45546875 0.0453125 0.1671875
0 0.72890625 0.3828125 0.02734375 0.08984375
