0 0.972265625 0.7109375 0.05546875 0.5296875
0 0.89765625 0.301953125 0.0421875 0.19375
0 0.890234375 0.33671875 0.04765625 0.19453125
0 0.73046875 0.30859375 0.028125 0.13203125
0 0.709765625 0.30234375 0.0265625 0.11171875
0 0.51015625 0.44609375 0.0453125 0.21796875
0 0.490234375 0.334375 0.03125 0.18046875
0 0.46796875 0.347265625 0.0375 0.1796875
0 0.43984375 0.40234375 0.0421875 0.15
0 0.41015625 0.36015625 0.03984375 0.1234375
0 0.404296875 0.47578125 0.071875 0.22890625
0 0.33984375 0.4203125 0.0609375 0.165625
0 0.26953125 0.365234375 0.03828125 0.1015625
0 0.244140625 0.515234375 0.06171875 0.19765625
