0 0.966796875 0.721875 0.06640625 0.4765625
0 0.894140625 0.3109375 0.05 0.184375
0 0.76328125 0.346875 0.04921875 0.19140625
0 0.732421875 0.307421875 0.0328125 0.1296875
0 0.687109375 0.312890625 0.0296875 0.12265625
0 0.44921875 0.387109375 0.05234375 0.17265625
0 0.42265625 0.394140625 0.04453125 0.17421875
0 0.387890625 0.408984375 0.084375 0.25234375
0 0.40078125 0.401171875 0.04296875 0.16875
0 0.3625 0.42109375 0.03984375 0.1765625
2 0.3359375 0.444140625 0.01875 0.021875
0 0.3046875 0.499609375 0.0875 0.23515625
0 0.25390625 0.46796875 0.0578125 0.18203125
0 0.208203125 0.394921875 0.03515625 0.09765625
