0 0.970703125 0.6140625 0.0484375 0.1546875
0 0.995703125 0.82265625 0.00859375 0.1546875
0 0.923828125 0.810546875 0.04765625 0.165625
0 0.90234375 0.791015625 0.03203125 0.16640625
0 0.8921875 0.776953125 0.028125 0.17890625
0 0.87734375 0.77578125 0.0296875 0.18125
0 0.78203125 0.611328125 0.05703125 0.128125
0 0.712109375 0.718359375 0.03515625 0.15234375
0 0.74296875 0.98203125 0.04375 0.0140625
0 0.490234375 0.744921875 0.03515625 0.15234375
0 0.559765625 0.441796875 0.03359375 0.115625
0 0.290234375 0.908984375 0.08984375 0.18203125
2 0.39140625 0.98671875 0.021875 0.0265625
