0 0.94140625 0.676953125 0.05078125 0.15390625
0 0.9578125 0.88671875 0.04296875 0.15390625
0 0.872265625 0.8640625 0.05 0.1640625
0 0.85390625 0.8421875 0.034375 0.16484375
0 0.8453125 0.827734375 0.03046875 0.17734375
0 0.830859375 0.824609375 0.03203125 0.1796875
0 0.757421875 0.6515625 0.0578125 0.12734375
0 0.676171875 0.7484375 0.03671875 0.15078125
0 0.45546875 0.74765625 0.03671875 0.15078125
0 0.560546875 0.45859375 0.03515625 0.11484375
0 0.23984375 0.885546875 0.0921875 0.1828125
2 0.330859375 0.974609375 0.021875 0.03125
