0 0.99609375 0.908203125 0.0078125 0.07578125
0 0.885546875 0.863671875 0.0171875 0.0640625
0 0.86328125 0.84609375 0.01640625 0.05859375
0 0.86171875 0.820703125 0.01484375 0.05859375
0 0.8984375 0.621484375 0.01015625 0.0421875
0 0.781640625 0.740625 0.01171875 0.04921875
0 0.75390625 0.71796875 0.0171875 0.053125
0 0.759765625 0.647265625 0.00859375 0.0484375
0 0.70078125 0.76171875 0.0109375 0.05078125
0 0.62421875 0.70078125 0.01328125 0.06015625
0 0.66953125 0.909375 0.015625 0.0703125
0 0.640625 0.9234375 0.015625 0.06640625
0 0.601171875 0.964453125 0.0171875 0.06796875
0 0.46328125 0.79453125 0.02890625 0.065625
0 0.18203125 0.973046875 0.0328125 0.05390625
0 0.446484375 0.603515625 0.0109375 0.04921875
