0 0.115234375 0.8796875 0.01875 0.06875
0 0.138671875 0.859765625 0.0171875 0.0625
0 0.1390625 0.8328125 0.015625 0.0625
0 0.092578125 0.620703125 0.01171875 0.0453125
0 0.221484375 0.744140625 0.0125 0.053125
0 0.250390625 0.718359375 0.01796875 0.05703125
0 0.24140625 0.643359375 0.00859375 0.0515625
0 0.308984375 0.7640625 0.0109375 0.05390625
0 0.38828125 0.6953125 0.0140625 0.0640625
0 0.347265625 0.920703125 0.01640625 0.075
0 0.378515625 0.934765625 0.0171875 0.071875
0 0.421484375 0.970703125 0.01796875 0.05859375
0 0.56328125 0.78984375 0.03125 0.0703125
0 0.86953125 0.96796875 0.034375 0.0515625
0 0.57421875 0.584765625 0.0109375 0.053125
