0 0.974609375 0.938671875 0.01015625 0.0765625
0 0.86640625 0.885546875 0.01953125 0.06484375
0 0.844921875 0.86640625 0.01875 0.059375
0 0.845703125 0.840625 0.0171875 0.059375
0 0.89609375 0.642578125 0.01171875 0.04296875
0 0.7703125 0.75390625 0.01328125 0.05078125
0 0.74375 0.72890625 0.01953125 0.0546875
0 0.7546875 0.65859375 0.01015625 0.04921875
0 0.687109375 0.769921875 0.0125 0.0515625
0 0.614453125 0.702734375 0.015625 0.0609375
0 0.645703125 0.91640625 0.01796875 0.07109375
0 0.615625 0.92890625 0.01796875 0.06796875
0 0.572265625 0.96640625 0.01953125 0.0671875
0 0.445703125 0.786328125 0.03125 0.0671875
0 0.15 0.951171875 0.03515625 0.0640625
0 0.4421875 0.592578125 0.0125 0.05078125
