0 0.31484375 0.875 0.0734375 0.2140625
0 0.517578125 0.948046875 0.05 0.10390625
0 0.525 0.905078125 0.0625 0.18984375
0 0.626953125 0.816015625 0.0578125 0.2140625
0 0.63203125 0.948828125 0.0453125 0.0984375
0 0.669921875 0.971484375 0.05390625 0.05234375
0 0.744140625 0.94140625 0.07265625 0.11015625
0 0.81015625 0.637109375 0.06171875 0.19453125
0 0.85 0.848828125 0.03671875 0.24140625
0 0.894921875 0.874609375 0.05390625 0.23828125
0 0.841796875 0.925390625 0.04765625 0.1375
0 0.9875 0.941015625 0.025 0.10078125
