0 0.759375 0.869921875 0.078125 0.2375
0 0.5359375 0.948828125 0.053125 0.10234375
0 0.52578125 0.901171875 0.065625 0.196875
0 0.411328125 0.810546875 0.059375 0.2375
0 0.40859375 0.951953125 0.0484375 0.09609375
0 0.366796875 0.977734375 0.059375 0.04453125
0 0.283984375 0.945703125 0.078125 0.1078125
0 0.2046875 0.6140625 0.06484375 0.215625
0 0.16484375 0.85078125 0.0359375 0.26875
0 0.115234375 0.87421875 0.05546875 0.2515625
0 0.175 0.9296875 0.05 0.140625
0 0.013671875 0.950390625 0.02734375 0.09921875
