0 0.21796875 0.79453125 0.071875 0.27265625
0 0.208984375 0.88125 0.0828125 0.2203125
0 0.25625 0.9265625 0.0875 0.13359375
0 0.494921875 0.827734375 0.103125 0.22421875
0 0.522265625 0.913671875 0.05546875 0.17265625
0 0.570703125 0.867578125 0.04921875 0.26484375
0 0.7046875 0.825 0.0625 0.2453125
0 0.675390625 0.544921875 0.04609375 0.19453125
0 0.7953125 0.860546875 0.06796875 0.26640625
0 0.9484375 0.879296875 0.0734375 0.24140625
0 0.958984375 0.921484375 0.05859375 0.15703125
0 0.971484375 0.96875 0.02734375 0.0625
