0 0.744140625 0.725390625 0.06484375 0.18984375
0 0.67421875 0.649609375 0.04453125 0.18359375
0 0.5671875 0.59296875 0.04609375 0.17890625
0 0.4859375 0.70546875 0.05390625 0.19609375
0 0.39765625 0.808984375 0.05859375 0.2140625
0 0.23125 0.947265625 0.0671875 0.096875
0 0.134375 0.8625 0.0453125 0.2140625
0 0.15234375 0.775 0.03984375 0.19296875
0 0.10234375 0.583203125 0.0359375 0.17890625
0 0.060546875 0.5421875 0.03515625 0.16875
0 0.315625 0.438671875 0.03359375 0.14765625
0 0.116015625 0.28359375 0.021875 0.11953125
