0 0.0421875 0.875 0.0578125 0.2203125
0 0.050390625 0.6109375 0.05859375 0.171875
0 0.04140625 0.53046875 0.03984375 0.190625
0 0.101171875 0.512109375 0.0734375 0.17578125
0 0.32109375 0.476171875 0.04453125 0.15390625
0 0.345703125 0.350390625 0.0421875 0.1421875
0 0.396484375 0.56796875 0.0546875 0.1828125
0 0.458984375 0.55390625 0.040625 0.18359375
0 0.5328125 0.797265625 0.053125 0.2265625
0 0.68359375 0.912890625 0.059375 0.17421875
0 0.976171875 0.828125 0.0328125 0.221875
0 0.938671875 0.64140625 0.04296875 0.19296875
0 0.89453125 0.6671875 0.0484375 0.2125
