0 0.020703125 0.810546875 0.04140625 0.23984375
0 0.029296875 0.54296875 0.05859375 0.1671875
0 0.021875 0.46484375 0.04375 0.184375
0 0.080078125 0.45 0.0765625 0.171875
0 0.294140625 0.422265625 0.04765625 0.14921875
0 0.321484375 0.301953125 0.04609375 0.13828125
0 0.363671875 0.513671875 0.05859375 0.178125
0 0.424609375 0.501953125 0.0453125 0.17734375
0 0.487890625 0.739453125 0.05859375 0.2203125
0 0.6265625 0.884765625 0.0671875 0.22578125
0 0.93125 0.78671875 0.071875 0.2171875
0 0.88515625 0.602734375 0.04765625 0.1875
0 0.841796875 0.626171875 0.05390625 0.20625
