0 0.27578125 0.744921875 0.071875 0.17890625
0 0.33515625 0.6703125 0.053125 0.171875
0 0.43125 0.611328125 0.05390625 0.16796875
0 0.513671875 0.710546875 0.0625 0.184375
0 0.60234375 0.8 0.06796875 0.20078125
0 0.766015625 0.925390625 0.0703125 0.1109375
0 0.85 0.83203125 0.05546875 0.2
0 0.82734375 0.751953125 0.05 0.18046875
0 0.861328125 0.572265625 0.0453125 0.1671875
0 0.897265625 0.53203125 0.04296875 0.1578125
0 0.654296875 0.45234375 0.040625 0.13828125
0 0.829296875 0.296484375 0.02734375 0.11171875
