0 0.954296875 0.871875 0.05859375 0.2265625
0 0.945703125 0.605078125 0.05859375 0.171875
0 0.95546875 0.524609375 0.03984375 0.190625
0 0.894921875 0.506640625 0.0734375 0.17578125
0 0.675390625 0.469921875 0.04453125 0.15390625
0 0.65078125 0.34453125 0.0421875 0.1421875
0 0.600390625 0.562109375 0.0546875 0.1828125
0 0.5375 0.548046875 0.040625 0.18359375
0 0.463671875 0.791796875 0.053125 0.2265625
0 0.312890625 0.909765625 0.06015625 0.18046875
0 0.021875 0.822265625 0.0296875 0.221875
0 0.0578125 0.6359375 0.04296875 0.19296875
0 0.10234375 0.66171875 0.0484375 0.2125
