0 0.991796875 0.744140625 0.01640625 0.21796875
0 0.973046875 0.728125 0.05390625 0.2171875
0 0.758984375 0.6203125 0.05078125 0.1921875
0 0.689453125 0.63359375 0.0703125 0.2078125
0 0.697265625 0.77734375 0.04609375 0.18203125
0 0.71015625 0.946484375 0.0515625 0.0828125
0 0.399609375 0.919140625 0.06640625 0.16171875
0 0.37578125 0.77109375 0.0671875 0.21875
0 0.449609375 0.596484375 0.05234375 0.19921875
0 0.479296875 0.554296875 0.06015625 0.178125
0 0.16484375 0.365625 0.03515625 0.15390625
