0 0.9765625 0.690625 0.04375 0.1875
0 0.83125 0.9453125 0.0453125 0.109375
0 0.740234375 0.92421875 0.04609375 0.1515625
0 0.8078125 0.805078125 0.05390625 0.20625
0 0.73359375 0.612890625 0.05234375 0.16015625
0 0.505078125 0.838671875 0.05078125 0.21328125
0 0.441015625 0.70234375 0.03203125 0.18046875
0 0.283984375 0.785546875 0.04921875 0.1890625
0 0.165234375 0.828515625 0.03984375 0.20703125
0 0.198046875 0.98046875 0.04921875 0.0296875
0 0.088671875 0.896484375 0.03359375 0.19375
0 0.051171875 0.4578125 0.0265625 0.146875
