0 0.94921875 0.689453125 0.05546875 0.19609375
0 0.7859375 0.944140625 0.0515625 0.11171875
0 0.691796875 0.920703125 0.05390625 0.15859375
0 0.766796875 0.799609375 0.06328125 0.21640625
0 0.696484375 0.597265625 0.06015625 0.16796875
0 0.45078125 0.82421875 0.06015625 0.2234375
0 0.389453125 0.6796875 0.03984375 0.1890625
0 0.223046875 0.760546875 0.0578125 0.1984375
0 0.098046875 0.80078125 0.04921875 0.2171875
0 0.1265625 0.96328125 0.05234375 0.03828125
0 0.018359375 0.871484375 0.03671875 0.20859375
