0 0.965625 0.977734375 0.06875 0.01484375
0 0.937890625 0.91875 0.05234375 0.134375
0 0.8359375 0.9 0.05390625 0.17890625
0 0.903125 0.758984375 0.06328125 0.22734375
0 0.81015625 0.551953125 0.06015625 0.1765625
0 0.57265625 0.813671875 0.059375 0.2359375
0 0.49453125 0.667578125 0.03828125 0.19921875
0 0.32734375 0.76796875 0.0578125 0.209375
0 0.19921875 0.821875 0.04765625 0.22890625
0 0.24375 0.98515625 0.0546875 0.0296875
0 0.119140625 0.897265625 0.04140625 0.20546875
0 0.05234375 0.420703125 0.03203125 0.16171875
