0 0.2015625 0.85390625 0.08515625 0.23359375
0 0.368359375 0.890234375 0.06640625 0.2
0 0.280859375 0.68359375 0.08203125 0.2078125
0 0.3796875 0.673828125 0.06484375 0.203125
0 0.515234375 0.57109375 0.08984375 0.1765625
0 0.659375 0.568359375 0.08125 0.18046875
0 0.791796875 0.593359375 0.0609375 0.1671875
0 0.83671875 0.520703125 0.065625 0.15859375
0 0.659375 0.937890625 0.071875 0.12421875
0 0.762109375 0.900390625 0.0859375 0.1828125
0 0.87578125 0.72578125 0.0609375 0.215625
2 0.926953125 0.98984375 0.02109375 0.0203125
0 0.883984375 0.91640625 0.10859375 0.1671875
