0 0.76875 0.915625 0.084375 0.16875
0 0.581640625 0.926953125 0.06328125 0.14609375
0 0.716015625 0.759765625 0.08515625 0.22578125
0 0.6125 0.728515625 0.06796875 0.22109375
0 0.488671875 0.590625 0.09453125 0.190625
0 0.335546875 0.557421875 0.08515625 0.1953125
0 0.188671875 0.55703125 0.06328125 0.18203125
0 0.15546875 0.469921875 0.06796875 0.171875
0 0.25859375 0.934375 0.0703125 0.09765625
0 0.158203125 0.88203125 0.090625 0.184375
0 0.07109375 0.680859375 0.0625 0.234375
0 0.038671875 0.8765625 0.07734375 0.1734375
