0 0.136328125 0.87734375 0.07890625 0.21171875
0 0.321484375 0.90625 0.05859375 0.17265625
0 0.212890625 0.707421875 0.07890625 0.22578125
0 0.32109375 0.69140625 0.06015625 0.22109375
0 0.463671875 0.570703125 0.0890625 0.18984375
0 0.62109375 0.558984375 0.0796875 0.19453125
0 0.767578125 0.579296875 0.0578125 0.18125
0 0.8125 0.497265625 0.06328125 0.17109375
0 0.644140625 0.9484375 0.06796875 0.103125
0 0.75234375 0.908984375 0.084375 0.18203125
0 0.867578125 0.719140625 0.05546875 0.234375
0 0.887890625 0.91796875 0.10703125 0.1640625
