0 0.3703125 0.652734375 0.04609375 0.18828125
0 0.429296875 0.799609375 0.053125 0.2015625
0 0.5625 0.833203125 0.0625 0.17421875
0 0.578515625 0.7546875 0.03828125 0.17109375
0 0.621484375 0.79375 0.046875 0.19375
0 0.87890625 0.478125 0.03125 0.12734375
0 0.8265625 0.702734375 0.05 0.18828125
0 0.863671875 0.6984375 0.0578125 0.184375
0 0.921484375 0.641796875 0.0578125 0.17734375
0 0.833203125 0.869140625 0.0453125 0.2078125
0 0.893359375 0.805078125 0.059375 0.196875
0 0.99765625 0.891796875 0.0046875 0.21640625
