0 0.974609375 0.826953125 0.05078125 0.26484375
0 0.994921875 0.7734375 0.01015625 0.2109375
0 0.780859375 0.466015625 0.0421875 0.19140625
0 0.85234375 0.5578125 0.0671875 0.23671875
0 0.8078125 0.6171875 0.04609375 0.21875
0 0.77109375 0.716796875 0.05234375 0.23046875
0 0.732421875 0.711328125 0.05 0.2375
0 0.6453125 0.44296875 0.05390625 0.1734375
0 0.583984375 0.521875 0.03828125 0.1671875
0 0.576953125 0.891015625 0.0703125 0.21484375
0 0.08203125 0.3453125 0.04453125 0.16484375
0 0.027734375 0.67734375 0.0515625 0.2296875
