0 0.665234375 0.64609375 0.04765625 0.1953125
0 0.604296875 0.7984375 0.0546875 0.2078125
0 0.466796875 0.833203125 0.0640625 0.18046875
0 0.450390625 0.751953125 0.0390625 0.17734375
0 0.405859375 0.792578125 0.0484375 0.2015625
0 0.13984375 0.465234375 0.0328125 0.13203125
0 0.19375 0.698046875 0.0515625 0.1953125
0 0.15546875 0.69375 0.059375 0.190625
0 0.095703125 0.63515625 0.059375 0.18359375
0 0.187109375 0.8703125 0.046875 0.215625
0 0.125 0.80390625 0.0609375 0.203125
0 0.01015625 0.890625 0.0203125 0.2171875
