0 0.791796875 0.02578125 0.05859375 0.02578125
0 0.571875 0.008984375 0.034375 0.01328125
0 0.475390625 0.008203125 0.04609375 0.01640625
0 0.444921875 0.0046875 0.04609375 0.009375
0 0.109375 0.017578125 0.0578125 0.03515625
0 0.265234375 0.083203125 0.07578125 0.16484375
0 0.296484375 0.1203125 0.05546875 0.22109375
0 0.334765625 0.1671875 0.07734375 0.21796875
0 0.33125 0.130859375 0.0515625 0.2140625
0 0.395703125 0.2109375 0.08828125 0.265625
0 0.105859375 0.236328125 0.08046875 0.271875
0 0.05546875 0.182421875 0.06875 0.25703125
