0 0.544140625 0.94765625 0.08671875 0.1046875
0 0.47734375 0.944921875 0.075 0.11015625
0 0.5046875 0.894921875 0.0640625 0.21015625
0 0.62734375 0.895703125 0.05703125 0.1921875
2 0.683203125 0.687109375 0.0171875 0.02578125
0 0.708203125 0.68984375 0.0515625 0.1984375
0 0.187890625 0.5390625 0.04609375 0.14140625
0 0.193359375 0.775390625 0.05 0.175
0 0.225 0.840234375 0.05625 0.209375
0 0.239453125 0.955859375 0.05234375 0.08828125
0 0.08828125 0.9625 0.0546875 0.075
0 0.044921875 0.865234375 0.0453125 0.18515625
