2 0.2703125 0.554296875 0.01328125 0.01796875
0 0.2078125 0.591796875 0.06640625 0.16796875
0 0.528125 0.460546875 0.02734375 0.1296875
0 0.173046875 0.921484375 0.0765625 0.12734375
0 0.4 0.8546875 0.03984375 0.19375
0 0.443359375 0.88046875 0.04765625 0.18671875
0 0.434765625 0.81875 0.04765625 0.18203125
0 0.415234375 0.9640625 0.05234375 0.06640625
0 0.5375 0.99765625 0.0375 0.0046875
0 0.6859375 0.9640625 0.0515625 0.071875
0 0.846875 0.752734375 0.07578125 0.16953125
0 0.921875 0.910546875 0.0703125 0.17890625
0 0.982421875 0.690234375 0.02421875 0.15078125
