2 0.769140625 0.55625 0.0140625 0.01953125
0 0.835546875 0.602734375 0.0671875 0.18515625
0 0.490234375 0.431640625 0.02578125 0.14375
0 0.8484375 0.951171875 0.0796875 0.09765625
0 0.6015625 0.88046875 0.03671875 0.215625
0 0.553515625 0.900390625 0.04453125 0.19921875
0 0.566015625 0.837890625 0.04609375 0.2015625
0 0.576171875 0.982421875 0.05546875 0.03515625
0 0.276171875 0.96875 0.053125 0.05546875
0 0.113671875 0.73203125 0.07734375 0.18671875
0 0.026953125 0.896484375 0.05390625 0.19140625
