0 0.552734375 0.941015625 0.08515625 0.11796875
0 0.616015625 0.9296875 0.07265625 0.128125
0 0.58125 0.878125 0.06171875 0.2046875
0 0.46484375 0.90234375 0.05625 0.1953125
2 0.3765625 0.708984375 0.01640625 0.02421875
0 0.353515625 0.715625 0.04921875 0.190625
0 0.821484375 0.4859375 0.04453125 0.1359375
0 0.85546875 0.710546875 0.04765625 0.16796875
0 0.836328125 0.776953125 0.05390625 0.2015625
0 0.844921875 0.909765625 0.0515625 0.1265625
0 0.98125 0.896875 0.0375 0.1265625
0 0.99453125 0.7703125 0.0109375 0.178125
