2 0.2734375 0.59375 0.0140625 0.01796875
0 0.21953125 0.63828125 0.071875 0.16328125
0 0.504296875 0.465234375 0.0328125 0.125
0 0.236328125 0.946484375 0.08046875 0.10703125
0 0.441796875 0.859375 0.0484375 0.1875
0 0.48671875 0.876953125 0.0546875 0.18046875
0 0.46953125 0.819921875 0.0546875 0.1765625
0 0.4734375 0.9640625 0.0546875 0.071875
0 0.595703125 0.9828125 0.0375 0.0234375
0 0.731640625 0.93203125 0.0546875 0.09609375
0 0.8515625 0.694921875 0.08046875 0.165625
0 0.946875 0.836328125 0.0765625 0.18046875
0 0.977734375 0.6140625 0.04453125 0.1484375
