0 0.33203125 0.898828125 0.0546875 0.20234375
0 0.3953125 0.8703125 0.046875 0.259375
0 0.404296875 0.712109375 0.0359375 0.23203125
2 0.42578125 0.74296875 0.01171875 0.02421875
0 0.574609375 0.86953125 0.05703125 0.240625
0 0.6125 0.8484375 0.0609375 0.228125
0 0.630078125 0.944140625 0.0671875 0.1078125
0 0.8328125 0.752734375 0.06875 0.22265625
0 0.901171875 0.81484375 0.0625 0.2546875
0 0.963671875 0.698828125 0.0640625 0.246875
0 0.947265625 0.674609375 0.05390625 0.20703125
0 0.916796875 0.51015625 0.0296875 0.18046875
2 0.8703125 0.55 0.015625 0.0203125
