0 0.734375 0.96875 0.059375 0.0625
0 0.965625 0.6578125 0.03671875 0.196875
0 0.646875 0.434375 0.03125 0.1359375
2 0.233984375 0.606640625 0.01328125 0.021875
0 0.149609375 0.531640625 0.0359375 0.11640625
0 0.11640625 0.554296875 0.04765625 0.1171875
0 0.041015625 0.51171875 0.03359375 0.15234375
0 0.171875 0.67578125 0.0609375 0.17578125
0 0.228515625 0.89140625 0.05703125 0.2
0 0.320703125 0.868359375 0.0609375 0.21875
0 0.006640625 0.615234375 0.01328125 0.13203125
0 0.00546875 0.675 0.0109375 0.1734375
