0 0.439453125 0.91015625 0.06328125 0.1796875
0 0.497265625 0.881640625 0.06015625 0.23671875
0 0.495703125 0.737890625 0.0484375 0.21640625
2 0.5171875 0.765234375 0.01171875 0.0234375
0 0.663671875 0.87265625 0.06875 0.2265625
0 0.697265625 0.85078125 0.07109375 0.21484375
0 0.719921875 0.935546875 0.06875 0.0984375
0 0.89609375 0.74765625 0.078125 0.2109375
0 0.96328125 0.800390625 0.0734375 0.23984375
0 0.9875 0.6890625 0.025 0.2328125
0 0.981640625 0.666015625 0.03671875 0.19296875
0 0.9578125 0.517578125 0.03984375 0.16875
2 0.91796875 0.557421875 0.015625 0.0203125
