0 0.012890625 0.838671875 0.02578125 0.19296875
0 0.0234375 0.779296875 0.0359375 0.1703125
0 0.096484375 0.774609375 0.0421875 0.171875
0 0.153515625 0.751953125 0.0421875 0.16484375
0 0.11796875 0.669921875 0.034375 0.12890625
0 0.1765625 0.727734375 0.0421875 0.171875
0 0.140234375 0.648046875 0.03671875 0.14140625
2 0.190625 0.703125 0.01328125 0.01875
0 0.270703125 0.92109375 0.0546875 0.14375
0 0.301953125 0.73671875 0.0515625 0.1734375
0 0.454296875 0.939453125 0.05078125 0.1203125
0 0.0078125 0.389453125 0.01171875 0.109375
