0 0.01171875 0.962109375 0.0234375 0.07578125
0 0.02578125 0.8140625 0.0328125 0.1953125
0 0.041015625 0.752734375 0.03046875 0.17265625
0 0.114453125 0.745703125 0.0359375 0.17421875
0 0.171875 0.720703125 0.03671875 0.1671875
0 0.1328125 0.63828125 0.0296875 0.1296875
0 0.19453125 0.6953125 0.0359375 0.17421875
0 0.1546875 0.615234375 0.0328125 0.14375
2 0.208203125 0.66953125 0.0125 0.01875
0 0.297265625 0.908203125 0.05078125 0.18359375
0 0.322265625 0.699609375 0.04609375 0.175
0 0.484375 0.919921875 0.046875 0.16015625
0 0.007421875 0.356640625 0.01484375 0.11171875
