0 0.922265625 0.89921875 0.046875 0.12109375
0 0.588671875 0.900390625 0.04921875 0.15390625
0 0.610546875 0.865625 0.040625 0.16171875
0 0.6609375 0.758984375 0.03359375 0.1046875
0 0.759375 0.731640625 0.03515625 0.12734375
0 0.73671875 0.747265625 0.03515625 0.121875
0 0.74765625 0.82109375 0.05234375 0.15546875
0 0.865234375 0.7828125 0.040625 0.13515625
0 0.820703125 0.894140625 0.0484375 0.1515625
0 0.798828125 0.84140625 0.04140625 0.15078125
0 0.940625 0.805078125 0.04609375 0.15078125
0 0.936328125 0.668359375 0.03984375 0.12109375
0 0.89921875 0.6703125 0.03203125 0.096875
0 0.909375 0.660546875 0.0265625 0.09609375
