0 0.755859375 0.9765625 0.06171875 0.046875
0 0.490625 0.983203125 0.071875 0.03359375
0 0.488671875 0.930078125 0.08046875 0.13984375
0 0.47265625 0.853515625 0.0765625 0.2484375
0 0.318359375 0.94140625 0.05234375 0.09296875
0 0.303515625 0.944140625 0.06484375 0.08515625
0 0.206640625 0.89140625 0.07421875 0.1734375
0 0.117578125 0.879296875 0.06796875 0.18125
0 0.092578125 0.87734375 0.05703125 0.1796875
0 0.008203125 0.851953125 0.01640625 0.21171875
0 0.059765625 0.724609375 0.096875 0.225
0 0.06484375 0.605859375 0.05859375 0.21484375
