0 0.125390625 0.9546875 0.04453125 0.090625
0 0.49375 0.91640625 0.046875 0.1671875
0 0.462890625 0.884375 0.0359375 0.1796875
0 0.389453125 0.775390625 0.03203125 0.11640625
0 0.2765625 0.7625 0.03203125 0.14140625
0 0.30390625 0.776171875 0.0328125 0.13515625
0 0.304296875 0.859375 0.04921875 0.17265625
0 0.169140625 0.837890625 0.0375 0.15
0 0.236328125 0.934375 0.04453125 0.13125
0 0.251953125 0.891015625 0.0375 0.16796875
0 0.08984375 0.87578125 0.04296875 0.1671875
0 0.070703125 0.7234375 0.0375 0.134375
0 0.112109375 0.719140625 0.0296875 0.1078125
0 0.09921875 0.709765625 0.0234375 0.1078125
