0 0.83828125 0.968359375 0.06015625 0.05234375
0 0.560546875 0.992578125 0.07265625 0.0140625
0 0.552734375 0.9375 0.075 0.125
0 0.5265625 0.867578125 0.0625 0.259375
0 0.37421875 0.964453125 0.0484375 0.07109375
0 0.358984375 0.969140625 0.06171875 0.06171875
0 0.253515625 0.9234375 0.06484375 0.153125
0 0.158203125 0.919921875 0.05859375 0.16015625
0 0.13203125 0.9203125 0.046875 0.159375
0 0.023828125 0.904296875 0.03671875 0.19140625
0 0.08125 0.77734375 0.0859375 0.23203125
0 0.073828125 0.65234375 0.04609375 0.22421875
