0 0.127734375 0.98671875 0.03984375 0.0265625
0 0.483984375 0.95 0.04296875 0.1
0 0.45625 0.930859375 0.034375 0.13828125
0 0.38515625 0.84375 0.03046875 0.1125
0 0.27578125 0.83125 0.03125 0.13671875
0 0.301953125 0.84453125 0.03203125 0.13125
0 0.301953125 0.920703125 0.04765625 0.15859375
0 0.17109375 0.90390625 0.03671875 0.1453125
0 0.235546875 0.966796875 0.03984375 0.06640625
0 0.25234375 0.936328125 0.0359375 0.12734375
0 0.094921875 0.930078125 0.04140625 0.13984375
0 0.076171875 0.793359375 0.03671875 0.13046875
0 0.115625 0.788671875 0.02890625 0.10390625
0 0.103125 0.780078125 0.02265625 0.10390625
