0 0.45234375 0.9703125 0.0421875 0.059375
0 0.435546875 0.784765625 0.03515625 0.109375
0 0.469921875 0.6890625 0.0265625 0.0671875
0 0.341015625 0.704296875 0.02421875 0.09140625
0 0.305078125 0.734765625 0.02265625 0.10546875
0 0.227734375 0.721484375 0.0234375 0.0921875
0 0.23359375 0.712109375 0.025 0.0984375
0 0.208984375 0.714453125 0.02109375 0.10234375
0 0.159375 0.74140625 0.0234375 0.10078125
0 0.1171875 0.746484375 0.02265625 0.10546875
0 0.1078125 0.748046875 0.01796875 0.09453125
0 0.173828125 0.9609375 0.04453125 0.078125
0 0.088671875 0.869921875 0.03046875 0.1296875
0 0.0671875 0.758984375 0.02265625 0.10625
