0 0.5578125 0.814453125 0.0453125 0.121875
0 0.52578125 0.70703125 0.0328125 0.075
0 0.66640625 0.730859375 0.03125 0.1015625
0 0.704296875 0.76640625 0.03046875 0.11640625
0 0.790234375 0.75625 0.03046875 0.1015625
0 0.784375 0.74609375 0.0328125 0.109375
0 0.8109375 0.75 0.02890625 0.1140625
0 0.8640625 0.78203125 0.03203125 0.11171875
0 0.909375 0.78984375 0.03046875 0.1171875
0 0.9203125 0.792578125 0.025 0.1046875
0 0.8359375 0.9890625 0.05 0.021875
0 0.933984375 0.927734375 0.040625 0.14296875
0 0.963671875 0.806640625 0.03046875 0.11796875
