0 0.589453125 0.98203125 0.03671875 0.0359375
0 0.496484375 0.878125 0.040625 0.13359375
0 0.509765625 0.7625 0.03515625 0.08125
0 0.63046875 0.78203125 0.0265625 0.1125
0 0.681640625 0.829296875 0.04140625 0.08203125
0 0.7328125 0.796875 0.03046875 0.10078125
0 0.78359375 0.8015625 0.02578125 0.1046875
0 0.805078125 0.803515625 0.02578125 0.1015625
0 0.827734375 0.803515625 0.0296875 0.1125
0 0.86328125 0.82734375 0.03046875 0.1109375
0 0.883984375 0.8296875 0.0328125 0.12109375
0 0.934765625 0.93046875 0.03671875 0.1390625
