0 0.60859375 0.9828125 0.034375 0.028125
0 0.505078125 0.89140625 0.03671875 0.13359375
0 0.50625 0.775 0.03203125 0.08125
0 0.62890625 0.781640625 0.0234375 0.11328125
0 0.684765625 0.823046875 0.03828125 0.08125
0 0.733203125 0.7859375 0.02734375 0.10078125
0 0.783984375 0.784765625 0.02265625 0.1046875
0 0.805859375 0.784765625 0.02265625 0.1015625
0 0.828515625 0.782421875 0.0265625 0.1125
0 0.866796875 0.80234375 0.02734375 0.11015625
0 0.887890625 0.802734375 0.02890625 0.121875
0 0.95 0.900390625 0.03203125 0.14296875
