0 0.02265625 0.901171875 0.03359375 0.13671875
0 0.080078125 0.895703125 0.04140625 0.13984375
0 0.168359375 0.825390625 0.02109375 0.11328125
0 0.201171875 0.8234375 0.02578125 0.10703125
0 0.17578125 0.81640625 0.021875 0.11015625
0 0.2453125 0.798046875 0.0203125 0.1
0 0.25703125 0.805859375 0.01640625 0.08515625
0 0.279296875 0.8125 0.0234375 0.10546875
0 0.330859375 0.823828125 0.02265625 0.10859375
0 0.3828125 0.798828125 0.021875 0.09609375
0 0.30234375 0.959765625 0.04375 0.08046875
0 0.493359375 0.79296875 0.02890625 0.08125
0 0.560546875 0.908984375 0.0359375 0.12734375
0 0.505078125 0.970703125 0.04140625 0.05859375
