0 0.024609375 0.85859375 0.04921875 0.146875
0 0.121484375 0.795703125 0.0296875 0.11796875
0 0.155078125 0.797265625 0.034375 0.11171875
0 0.1296875 0.787109375 0.03046875 0.115625
0 0.203125 0.776171875 0.028125 0.10390625
0 0.214453125 0.78515625 0.0234375 0.0890625
0 0.23671875 0.79453125 0.03125 0.11015625
0 0.288671875 0.81171875 0.03125 0.11328125
0 0.34453125 0.791796875 0.02890625 0.1
0 0.2453125 0.943359375 0.04921875 0.075
0 0.458203125 0.798046875 0.03515625 0.08515625
0 0.515234375 0.924609375 0.0453125 0.13359375
0 0.451953125 0.974609375 0.0453125 0.04921875
