0 0.71875 0.055078125 0.04375 0.11015625
0 0.501171875 0.33515625 0.05 0.21484375
0 0.4703125 0.297265625 0.04140625 0.21328125
0 0.453515625 0.367578125 0.05078125 0.20546875
0 0.418359375 0.27578125 0.0421875 0.19140625
0 0.342578125 0.3625 0.05 0.203125
0 0.359765625 0.29921875 0.03828125 0.2
0 0.3640625 0.23828125 0.04921875 0.17734375
0 0.308984375 0.2375 0.05546875 0.1828125
0 0.271484375 0.207421875 0.04375 0.178125
0 0.227734375 0.193359375 0.0375 0.17734375
0 0.19375 0.15859375 0.0421875 0.1828125
0 0.191015625 0.067578125 0.02734375 0.1046875
0 0.00390625 0.10546875 0.0078125 0.159375
