0 0.29140625 0.110546875 0.0375 0.17265625
0 0.5140625 0.0171875 0.0296875 0.034375
0 0.51796875 0.3953125 0.040625 0.203125
0 0.5453125 0.35703125 0.0328125 0.203125
0 0.566015625 0.42265625 0.0421875 0.19453125
0 0.59375 0.333203125 0.034375 0.18203125
0 0.671484375 0.410546875 0.04140625 0.19296875
0 0.651171875 0.3515625 0.0296875 0.18984375
0 0.642578125 0.294140625 0.04140625 0.16796875
0 0.6953125 0.289453125 0.046875 0.17265625
0 0.72890625 0.258203125 0.0359375 0.16953125
0 0.7703125 0.2421875 0.03046875 0.16796875
0 0.8 0.206640625 0.034375 0.1734375
0 0.79765625 0.111328125 0.02421875 0.11796875
0 0.985546875 0.13828125 0.01953125 0.16015625
