0 0.294921875 0.064453125 0.05078125 0.12890625
0 0.50703125 0.366015625 0.05859375 0.2203125
0 0.53984375 0.328125 0.05 0.21953125
0 0.554296875 0.40078125 0.059375 0.21171875
0 0.594140625 0.308203125 0.05 0.196875
0 0.668359375 0.399609375 0.05859375 0.209375
0 0.653125 0.334375 0.04609375 0.20546875
0 0.65078125 0.27109375 0.05625 0.1828125
0 0.707421875 0.27265625 0.0625 0.18828125
0 0.746875 0.243359375 0.05078125 0.18359375
0 0.7921875 0.230859375 0.04453125 0.18203125
0 0.828125 0.195703125 0.04921875 0.18828125
0 0.8359375 0.09375 0.034375 0.128125
