0 0.678125 0.093359375 0.0421875 0.16640625
0 0.478125 0.02421875 0.0296875 0.0484375
0 0.478125 0.429296875 0.04765625 0.19609375
0 0.4890625 0.341796875 0.04375 0.1875
0 0.426171875 0.3375 0.04765625 0.18828125
0 0.412109375 0.297265625 0.04140625 0.16875
0 0.374609375 0.3234375 0.0625 0.18046875
0 0.307421875 0.326171875 0.0453125 0.1796875
0 0.305078125 0.30234375 0.0375 0.18359375
0 0.271875 0.367578125 0.04921875 0.196875
0 0.21796875 0.244921875 0.03984375 0.1625
0 0.157421875 0.252734375 0.0390625 0.16015625
0 0.173046875 0.20390625 0.0421875 0.16640625
0 0.15859375 0.134765625 0.034375 0.1359375
0 0.023828125 0.159765625 0.03203125 0.153125
