0 0.645703125 0.0734375 0.04921875 0.146875
0 0.42890625 0.0109375 0.0296875 0.01484375
0 0.4421875 0.430859375 0.059375 0.2140625
0 0.45 0.335546875 0.05390625 0.20390625
0 0.382421875 0.333203125 0.05859375 0.2046875
0 0.366015625 0.290234375 0.05078125 0.18359375
0 0.326171875 0.319921875 0.0734375 0.196875
0 0.254296875 0.325 0.05546875 0.19609375
0 0.251171875 0.29921875 0.046875 0.2
0 0.217578125 0.371484375 0.0609375 0.2140625
0 0.1546875 0.240625 0.04921875 0.1765625
0 0.08984375 0.25078125 0.04765625 0.17421875
0 0.105078125 0.197265625 0.0515625 0.18125
0 0.086328125 0.12265625 0.0421875 0.14765625
