0 0.278515625 0.090234375 0.0390625 0.16640625
0 0.5390625 0.43359375 0.04609375 0.21953125
0 0.5171875 0.3375 0.040625 0.20859375
0 0.58671875 0.325390625 0.04609375 0.209375
0 0.596484375 0.279296875 0.03984375 0.1875
0 0.641796875 0.30390625 0.0625 0.2
0 0.716015625 0.298828125 0.04296875 0.2
0 0.715234375 0.271875 0.034375 0.2046875
0 0.76015625 0.341015625 0.04765625 0.21953125
0 0.805859375 0.198046875 0.03828125 0.18046875
0 0.8734375 0.199609375 0.03671875 0.17890625
0 0.850390625 0.147265625 0.040625 0.18515625
0 0.8578125 0.071875 0.0328125 0.14375
