0 0.715625 0.045703125 0.0375 0.090625
0 0.469921875 0.3640625 0.04375 0.22109375
0 0.41796875 0.247265625 0.0296875 0.20546875
0 0.3609375 0.24921875 0.0328125 0.20625
0 0.376953125 0.196484375 0.028125 0.184375
0 0.302734375 0.205859375 0.040625 0.2015625
0 0.23671875 0.17109375 0.03125 0.18984375
0 0.208203125 0.227734375 0.0296875 0.2109375
0 0.183984375 0.196875 0.02421875 0.19375
0 0.19765625 0.115625 0.025 0.15
0 0.16953125 0.10703125 0.028125 0.17421875
0 0.139453125 0.083203125 0.03203125 0.16640625
0 0.157421875 0.055078125 0.0234375 0.11015625
