0 0.67265625 0.08984375 0.046875 0.17265625
0 0.455859375 0.021875 0.03046875 0.04140625
0 0.481640625 0.435546875 0.05625 0.2015625
0 0.42578125 0.335546875 0.0421875 0.18671875
0 0.374609375 0.34140625 0.0453125 0.1875
0 0.38515625 0.29296875 0.03984375 0.1671875
0 0.31875 0.307421875 0.0515625 0.1828125
0 0.25703125 0.28125 0.0421875 0.17265625
0 0.2359375 0.334375 0.04375 0.19140625
0 0.21171875 0.30859375 0.03671875 0.17578125
0 0.2171875 0.234765625 0.034375 0.13671875
0 0.191796875 0.229296875 0.0390625 0.1578125
0 0.161328125 0.21015625 0.0421875 0.15546875
0 0.173828125 0.152734375 0.034375 0.165625
0 0.01171875 0.219921875 0.0234375 0.16328125
