0 0.734375 0.108203125 0.04140625 0.1734375
0 0.526171875 0.015234375 0.02890625 0.0296875
0 0.494140625 0.427734375 0.05 0.203125
0 0.451953125 0.319140625 0.03671875 0.1875
0 0.4 0.31796875 0.03984375 0.1890625
0 0.4171875 0.270703125 0.034375 0.16796875
0 0.34921875 0.27578125 0.04609375 0.184375
0 0.290625 0.24140625 0.03671875 0.1734375
0 0.26171875 0.291015625 0.0375 0.19296875
0 0.24140625 0.2625 0.03125 0.17734375
0 0.257421875 0.188671875 0.0296875 0.1375
0 0.232421875 0.180078125 0.034375 0.159375
0 0.2046875 0.15625 0.0375 0.15625
0 0.225 0.101171875 0.0296875 0.1671875
0 0.0390625 0.142578125 0.05 0.16484375
0 0.02578125 0.10859375 0.01953125 0.14375
