0 0.794921875 0.096484375 0.0453125 0.17421875
0 0.56328125 0.44765625 0.04765625 0.2125
0 0.503125 0.332421875 0.05 0.209375
0 0.4546875 0.2984375 0.0453125 0.20234375
0 0.425 0.26328125 0.034375 0.20390625
0 0.375390625 0.275390625 0.04140625 0.196875
0 0.3453125 0.255078125 0.0421875 0.19375
0 0.30859375 0.234765625 0.0359375 0.18828125
0 0.27890625 0.1953125 0.0328125 0.1828125
0 0.289453125 0.18515625 0.0296875 0.1953125
0 0.22890625 0.255078125 0.05390625 0.19921875
0 0.22421875 0.15703125 0.034375 0.18046875
0 0.244921875 0.078515625 0.03203125 0.15703125
0 0.078515625 0.183203125 0.0484375 0.18359375
