0 0.25625 0.13046875 0.04921875 0.1671875
0 0.4859375 0.011328125 0.028125 0.02265625
0 0.47890625 0.436328125 0.05234375 0.190625
0 0.52734375 0.33125 0.05390625 0.18671875
0 0.56875 0.298828125 0.05 0.18125
0 0.59375 0.26640625 0.03984375 0.18125
0 0.63828125 0.274609375 0.0453125 0.1765625
0 0.664453125 0.25546875 0.04609375 0.1734375
0 0.69609375 0.2359375 0.040625 0.16796875
0 0.720703125 0.19921875 0.0375 0.16328125
0 0.7109375 0.190625 0.03515625 0.1734375
0 0.76796875 0.25 0.05703125 0.17890625
0 0.767578125 0.1625 0.0390625 0.1609375
0 0.7453125 0.092578125 0.0359375 0.14296875
0 0.89921875 0.179296875 0.0515625 0.1640625
