0 0.737109375 0.131640625 0.04921875 0.16953125
0 0.503515625 0.0109375 0.02890625 0.021875
0 0.511328125 0.44296875 0.053125 0.19375
0 0.462109375 0.336328125 0.05546875 0.18984375
0 0.419921875 0.302734375 0.05078125 0.184375
0 0.39453125 0.269921875 0.040625 0.184375
0 0.34921875 0.278515625 0.046875 0.17890625
0 0.32265625 0.258984375 0.04765625 0.1765625
0 0.290625 0.2390625 0.04140625 0.17109375
0 0.265234375 0.201953125 0.03828125 0.165625
0 0.275390625 0.19296875 0.0359375 0.1765625
0 0.217578125 0.253515625 0.05859375 0.18203125
0 0.217578125 0.164453125 0.0390625 0.16328125
0 0.240625 0.093359375 0.0359375 0.1453125
0 0.083984375 0.18125 0.05234375 0.1671875
